bidder,bundle,avg,eps,avg-eps,avg+eps,n
1,"[1, 12, 6]",27.790883276683168,1.5728668802236665,26.2180163964595,29.363750156906836,10
1,"[0, 12, 7]",44.355353554314576,1.5728668802236665,42.78248667409091,45.92822043453824,10
1,"[0, 2, 6, 7]",74.70827511908473,1.5728668802236665,73.13540823886106,76.2811419993084,10
1,"[0, 1, 7]",50.58336867965202,1.5728668802236665,49.010501799428354,52.15623555987568,10
1,"[2, 6]",28.08559924889094,1.5728668802236665,26.512732368667272,29.658466129114608,10
1,"[0, 12]",27.768244405353578,1.5728668802236665,26.19537752512991,29.341111285577245,10
1,"[0, 2, 12]",46.37266645715998,1.5728668802236665,44.799799576936316,47.945533337383644,10
1,[1],5.262773897438938,1.5728668802236665,3.6899070172152717,6.835640777662605,10
1,"[1, 12, 7]",35.5156807713894,1.5728668802236665,33.942813891165734,37.08854765161306,10
1,"[0, 12, 6]",49.19191299205299,1.5728668802236665,47.61904611182933,50.764779872276655,10
1,"[1, 2, 6, 7]",83.2946502313375,1.5728668802236665,81.72178335111383,84.86751711156117,10
1,"[1, 7]",24.12022125985697,1.5728668802236665,22.5473543796333,25.693088140080636,10
1,"[0, 6]",28.534294535834483,1.5728668802236665,26.961427655610816,30.10716141605815,10
1,"[0, 2, 6]",47.12444128503118,1.5728668802236665,45.55157440480752,48.697308165254846,10
1,"[1, 2, 7]",53.72558152724652,1.5728668802236665,52.152714647022854,55.29844840747018,10
1,"[1, 12, 6, 7]",70.71928840553832,1.5728668802236665,69.14642152531465,72.292155285762,10
1,"[0, 2]",35.11024861285124,1.5728668802236665,33.53738173262757,36.6831154930749,10
1,"[1, 6, 7]",41.03312488284453,1.5728668802236665,39.46025800262087,42.6059917630682,10
1,"[1, 2, 12, 7]",65.13399721652094,1.5728668802236665,63.561130336297275,66.70686409674461,10
1,"[0, 2, 12, 6]",68.15522508720919,1.5728668802236665,66.58235820698552,69.72809196743286,10
1,"[2, 12, 6]",41.58139211942897,1.5728668802236665,40.008525239205305,43.15425899965263,10
1,"[0, 1, 6, 7]",78.99868072250337,1.5728668802236665,77.4258138422797,80.57154760272704,10
1,"[12, 6]",23.040724968358088,1.5728668802236665,21.46785808813442,24.613591848581756,10
1,"[1, 6]",14.238428962440429,1.5728668802236665,12.665562082216763,15.811295842664094,10
1,"[0, 7]",33.33997634828374,1.5728668802236665,31.767109468060074,34.912843228507406,10
1,"[0, 2, 6, 7, 12]",108.21149584069144,1.5728668802236665,106.63862896046777,109.78436272091511,10
1,"[1, 2, 6]",35.62145483387169,1.5728668802236665,34.048587953648024,37.19432171409535,10
1,"[0, 2, 7]",52.02752996761102,1.5728668802236665,50.45466308738735,53.60039684783468,10
1,"[0, 12, 6, 7]",89.44419371297396,1.5728668802236665,87.87132683275028,91.01706059319763,10
1,"[0, 1, 6, 7, 12]",118.24534889080314,1.5728668802236665,116.67248201057947,119.81821577102681,10
1,"[2, 6, 7]",47.394875949155924,1.5728668802236665,45.82200906893226,48.96774282937959,10
1,"[0, 1, 2]",53.45936596050294,1.5728668802236665,51.88649908027928,55.03223284072661,10
1,"[0, 1, 12, 6]",70.63892679157233,1.5728668802236665,69.06605991134866,72.211793671796,10
1,"[0, 1]",23.817457644033475,1.5728668802236665,22.244590763809807,25.390324524257142,10
1,"[6, 7]",28.744940636677306,1.5728668802236665,27.17207375645364,30.317807516900974,10
1,"[0, 1, 12, 7]",62.03537029394611,1.5728668802236665,60.462503413722445,63.60823717416977,10
1,"[0, 1, 2, 7, 12]",106.10550156231709,1.5728668802236665,104.53263468209342,107.67836844254076,10
1,"[1, 12]",16.330924074006838,1.5728668802236665,14.758057193783172,17.903790954230505,10
1,"[1, 2, 12]",38.00573650292673,1.5728668802236665,36.432869622703066,39.578603383150394,10
1,"[0, 1, 6]",40.5390387540272,1.5728668802236665,38.96617187380354,42.11190563425087,10
1,"[0, 1, 2, 12]",64.7488182300514,1.5728668802236665,63.175951349827734,66.32168511027507,10
1,"[2, 12, 6, 7]",68.63118989883293,1.5728668802236665,67.05832301860926,70.2040567790566,10
1,[12],11.278320604795258,1.5728668802236665,9.705453724571592,12.851187485018924,10
1,"[2, 7]",35.2436985478606,1.5728668802236665,33.67083166763694,36.81656542808427,10
1,"[2, 12, 7]",46.99221189259596,1.5728668802236665,45.4193450123723,48.565078772819625,10
1,[2],18.96858908809704,1.5728668802236665,17.395722207873373,20.541455968320708,10
1,"[12, 7]",27.954727442655884,1.5728668802236665,26.381860562432216,29.52759432287955,10
1,"[0, 1, 2, 6, 7]",133.19482359956854,1.5728668802236665,131.62195671934487,134.7676904797922,10
1,"[0, 1, 2, 6, 7, 12]",173.42468040034686,0.034616367652045704,173.39006403269482,173.4592967679989,10000
1,"[1, 2]",26.65916579630031,1.5728668802236665,25.086298916076643,28.23203267652398,10
1,"[0, 6, 7]",56.17909856535184,1.5728668802236665,54.60623168512818,57.75196544557551,10
1,"[1, 2, 12, 6]",49.21077397304727,1.5728668802236665,47.6379070928236,50.78364085327093,10
1,"[0, 2, 12, 7]",62.850019002662215,1.5728668802236665,61.27715212243855,64.42288588288588,10
1,"[0, 1, 2, 7]",94.96918121120153,1.5728668802236665,93.39631433097786,96.5420480914252,10
1,[7],16.60578694493536,1.5728668802236665,15.032920064711695,18.178653825159028,10
1,"[2, 12]",30.252594287392803,1.5728668802236665,28.679727407169135,31.82546116761647,10
1,"[0, 1, 12]",35.54928433053137,1.5728668802236665,33.97641745030771,37.122151210755035,10
1,"[12, 6, 7]",49.47292320291384,1.5728668802236665,47.900056322690176,51.045790083137504,10
1,[6],9.168420414391306,1.5728668802236665,7.59555353416764,10.741287294614972,10
1,"[0, 1, 2, 6]",82.80990945307049,1.5728668802236665,81.23704257284682,84.38277633329416,10
1,"[1, 2, 6, 7, 12]",123.07453229254095,1.5728668802236665,121.50166541231728,124.64739917276462,10
1,"[0, 1, 2, 6, 12]",122.75661457167993,0.3682369320823823,122.38837763959755,123.12485150376232,100
1,[],-0.07222010494383999,1.5728668802236665,-1.6450869851675065,1.5006467752798265,10
1,[0],16.247690598190417,1.5728668802236665,14.674823717966751,17.820557478414084,10
2,"[8, 2]",25.456837504294995,1.5728668802236665,23.883970624071328,27.029704384518663,10
2,"[8, 1, 2, 3]",84.41746584297601,1.5728668802236665,82.84459896275234,85.99033272319969,10
2,"[8, 2, 7]",51.39589277848319,1.5728668802236665,49.82302589825952,52.96875965870685,10
2,"[1, 2, 7, 8, 9]",109.10691335737559,1.5728668802236665,107.53404647715192,110.67978023759926,10
2,"[0, 9, 2, 4]",32.60910894755581,1.5728668802236665,31.036242067332143,34.181975827779475,10
2,"[0, 2, 4]",29.854735820050706,1.5728668802236665,28.28186893982704,31.427602700274374,10
2,"[8, 1, 14, 7]",100.13508500523487,1.5728668802236665,98.5622181250112,101.70795188545854,10
2,"[2, 14, 7]",37.402138318705255,1.5728668802236665,35.82927143848159,38.97500519892892,10
2,"[1, 2, 7, 9, 14]",64.20032289214043,1.5728668802236665,62.62745601191677,65.7731897723641,10
2,"[8, 2, 4]",35.125113182966956,1.5728668802236665,33.55224630274329,36.69798006319062,10
2,"[3, 4]",27.85034416385155,1.5728668802236665,26.27747728362788,29.423211044075217,10
2,"[8, 9, 4, 7]",56.961342814721206,1.5728668802236665,55.38847593449754,58.53420969494487,10
2,"[0, 2]",19.81298770457094,1.5728668802236665,18.240120824347272,21.385854584794608,10
2,"[0, 1, 2, 14]",57.93145296215296,1.5728668802236665,56.358586081929296,59.504319842376624,10
2,"[9, 3, 4, 7]",53.892423830054284,1.5728668802236665,52.31955694983062,55.46529071027795,10
2,"[0, 1, 3, 9, 14]",64.76354741529374,1.5728668802236665,63.19068053507008,66.33641429551741,10
2,"[0, 1, 8, 9, 14]",75.24515962648131,1.5728668802236665,73.67229274625764,76.81802650670498,10
2,"[2, 3, 4, 7, 8]",128.78130075626132,1.5728668802236665,127.20843387603765,130.354167636485,10
2,"[0, 14, 7]",44.93137055019222,1.5728668802236665,43.358503669968556,46.504237430415884,10
2,"[2, 4]",15.996988427824707,1.5728668802236665,14.424121547601041,17.569855308048375,10
2,"[8, 3, 4]",44.63066454787402,1.5728668802236665,43.057797667650355,46.20353142809768,10
2,"[0, 9, 2, 14]",38.83246279363337,1.5728668802236665,37.259595913409704,40.40532967385703,10
2,"[8, 1, 4, 7]",68.58920807821504,1.5728668802236665,67.01634119799137,70.16207495843871,10
2,"[1, 2, 4, 7, 9]",58.524146614775404,1.5728668802236665,56.95127973455174,60.09701349499907,10
2,"[0, 1, 9]",31.936985316039976,1.5728668802236665,30.36411843581631,33.509852196263644,10
2,"[0, 4, 7, 8, 14]",86.8544870715878,1.5728668802236665,85.28162019136413,88.42735395181147,10
2,"[8, 3]",32.107191969926404,1.5728668802236665,30.534325089702737,33.68005885015007,10
2,"[2, 4, 14, 7]",47.110677729496885,1.5728668802236665,45.53781084927322,48.68354460972055,10
2,"[0, 1, 8, 9]",50.42704309531208,1.5728668802236665,48.854176215088415,51.99990997553574,10
2,"[4, 7, 8, 9, 14]",94.86123635451244,1.5728668802236665,93.28836947428877,96.43410323473611,10
2,"[0, 1, 2, 4, 7, 8]",139.74655694838265,1.5728668802236665,138.17369006815898,141.31942382860632,10
2,"[1, 2, 4, 8, 9]",73.94768695825032,1.5728668802236665,72.37482007802664,75.52055383847399,10
2,"[0, 1, 2, 3, 4, 8, 14]",209.72288932938235,1.5728668802236665,208.15002244915868,211.29575620960603,10
2,"[0, 1, 2, 3, 8, 14]",178.07808286402678,1.5728668802236665,176.5052159838031,179.65094974425045,10
2,"[0, 2, 3, 4, 7, 8, 9]",164.2116733925339,1.5728668802236665,162.63880651231023,165.78454027275757,10
2,"[1, 7]",30.663018395199657,1.5728668802236665,29.09015151497599,32.23588527542332,10
2,"[1, 2, 7]",45.94819776424127,1.5728668802236665,44.37533088401761,47.521064644464936,10
2,"[1, 3, 4, 7, 9, 14]",84.16302484870435,1.5728668802236665,82.59015796848068,85.73589172892802,10
2,"[0, 2, 3, 14]",53.33252840972769,1.5728668802236665,51.75966152950403,54.90539528995136,10
2,"[0, 3, 8, 9, 14]",98.23675854062252,1.5728668802236665,96.66389166039885,99.80962542084619,10
2,"[1, 2, 3, 4, 7]",119.63527818634304,1.5728668802236665,118.06241130611937,121.20814506656671,10
2,"[0, 1, 2, 3, 8, 9]",150.83962981251506,1.5728668802236665,149.26676293229139,152.41249669273873,10
2,"[2, 14]",21.423729905786363,1.5728668802236665,19.850863025562695,22.99659678601003,10
2,"[0, 1, 2, 3, 9, 14]",117.95961940642744,1.5728668802236665,116.38675252620376,119.5324862866511,10
2,"[0, 1, 3, 4, 7]",83.25369129974936,1.5728668802236665,81.68082441952569,84.82655817997303,10
2,"[2, 3, 8, 9, 14]",114.6239554668557,1.5728668802236665,113.05108858663203,116.19682234707938,10
2,"[1, 3, 7, 8, 9, 14]",175.88397088613323,1.5728668802236665,174.31110400590956,177.4568377663569,10
2,"[0, 1, 2, 3, 4, 7, 8, 14]",250.72521893219755,1.5728668802236665,249.15235205197388,252.29808581242122,10
2,"[0, 1, 2, 4, 14]",68.06853155396053,1.5728668802236665,66.49566467373685,69.6413984341842,10
2,"[1, 3, 9, 7]",51.75984672210949,1.5728668802236665,50.18697984188582,53.33271360233315,10
2,"[0, 3, 4, 9, 14]",66.76820923076977,1.5728668802236665,65.1953423505461,68.34107611099344,10
2,"[1, 2, 3, 7, 8]",133.82164145713773,1.5728668802236665,132.24877457691406,135.3945083373614,10
2,"[0, 3, 4, 7, 8, 14]",104.92622405625875,1.5728668802236665,103.35335717603508,106.49909093648242,10
2,"[0, 1, 2, 7, 8, 9, 14]",194.75720160116245,1.5728668802236665,193.18433472093878,196.33006848138612,10
2,"[9, 3]",20.576962808883223,1.5728668802236665,19.004095928659556,22.14982968910689,10
2,"[0, 1, 4, 7, 9, 14]",83.88804558016253,1.5728668802236665,82.31517869993885,85.4609124603862,10
2,"[9, 14, 7]",34.445024734184855,1.5728668802236665,32.87215785396119,36.01789161440852,10
2,"[9, 3, 14, 7]",52.0583614933877,1.5728668802236665,50.485494613164036,53.631228373611364,10
2,"[0, 1, 3, 4, 9]",66.37630137465241,1.5728668802236665,64.80343449442874,67.94916825487608,10
2,"[2, 3, 7, 8, 14]",140.13301091814205,1.5728668802236665,138.56014403791838,141.70587779836572,10
2,"[0, 1, 2, 3, 4, 8, 9, 14]",221.1667985300534,1.5728668802236665,219.59393164982973,222.73966541027707,10
2,"[1, 2, 3, 4, 8, 9]",142.51773714535784,1.5728668802236665,140.94487026513417,144.0906040255815,10
2,"[0, 1, 2, 4, 7, 9, 14]",108.56756292137202,1.5728668802236665,106.99469604114834,110.14042980159569,10
2,"[0, 2, 4, 7, 8, 9]",93.39113558482182,1.5728668802236665,91.81826870459815,94.9640024650455,10
2,"[0, 1, 2, 8, 9, 14]",150.44515493244256,1.5728668802236665,148.8722880522189,152.01802181266623,10
2,"[1, 3, 4]",40.428254628350885,1.5728668802236665,38.85538774812722,42.00112150857455,10
2,"[0, 1, 3, 7, 8, 9]",172.3988016178051,1.5728668802236665,170.82593473758143,173.97166849802878,10
2,"[0, 1, 2]",42.592672795240745,1.5728668802236665,41.01980591501708,44.16553967546441,10
2,"[0, 8, 9]",35.523892904332946,1.5728668802236665,33.95102602410928,37.09675978455661,10
2,"[1, 4, 7, 8, 14]",109.7453624797339,1.5728668802236665,108.17249559951023,111.31822935995757,10
2,"[0, 1, 4, 8, 9, 14]",84.98816080016687,1.5728668802236665,83.4152939199432,86.56102768039054,10
2,"[2, 3, 4, 8, 9, 14]",149.3276476873506,1.5728668802236665,147.75478080712693,150.90051456757428,10
2,"[3, 4, 14]",43.23949075898828,1.5728668802236665,41.66662387876462,44.812357639211946,10
2,"[8, 1, 14]",47.36510179528891,1.5728668802236665,45.792234915065244,48.93796867551257,10
2,"[0, 8, 7]",49.61099596715144,1.5728668802236665,48.038129086927775,51.1838628473751,10
2,"[0, 1, 3, 4, 8]",73.2359453595011,1.5728668802236665,71.66307847927743,74.80881223972477,10
2,"[8, 3, 14, 7]",78.75397978901222,1.5728668802236665,77.18111290878855,80.32684666923589,10
2,"[2, 3, 7, 9, 14]",64.50685732157876,1.5728668802236665,62.9339904413551,66.07972420180243,10
2,"[0, 2, 4, 8, 9]",57.99222354281394,1.5728668802236665,56.419356662590275,59.5650904230376,10
2,"[0, 1, 7, 8, 14]",148.05582034091566,1.5728668802236665,146.482953460692,149.62868722113933,10
2,"[1, 2, 3, 4, 7, 8, 14]",214.22358345929888,1.5728668802236665,212.6507165790752,215.79645033952255,10
2,"[8, 3, 14]",50.26653957705021,1.5728668802236665,48.693672696826546,51.839406457273874,10
2,"[8, 9, 3, 14]",84.48944673376329,1.5728668802236665,82.91657985353962,86.06231361398696,10
2,"[0, 1, 2, 3, 4, 7, 9, 14]",194.49409587301048,1.5728668802236665,192.9212289927868,196.06696275323415,10
2,"[1, 2, 3, 14]",60.39130189871558,1.5728668802236665,58.81843501849192,61.964168778939246,10
2,"[0, 2, 3, 4, 7]",71.55845347813104,1.5728668802236665,69.98558659790737,73.13132035835471,10
2,"[1, 3, 8, 9, 14]",96.65816645522034,1.5728668802236665,95.08529957499667,98.23103333544401,10
2,"[0, 1, 4, 14]",53.66600179253353,1.5728668802236665,52.093134912309864,55.23886867275719,10
2,[14],15.05596202228266,1.5728668802236665,13.483095142058994,16.628828902506328,10
2,"[8, 9, 2, 7]",70.11069165221038,1.5728668802236665,68.5378247719867,71.68355853243405,10
2,"[1, 2, 3, 4, 7, 14]",135.41525052547243,1.5728668802236665,133.84238364524876,136.9881174056961,10
2,"[0, 1, 3, 7]",71.12343760743265,1.5728668802236665,69.55057072720898,72.69630448765632,10
2,"[9, 2, 4, 14]",34.50400364521193,1.5728668802236665,32.93113676498827,36.076870525435595,10
2,"[0, 1, 8, 7]",97.50640611897799,1.5728668802236665,95.93353923875432,99.07927299920166,10
2,"[0, 1, 2, 7, 9]",83.30095448283767,1.5728668802236665,81.728087602614,84.87382136306134,10
2,"[0, 2, 3, 4, 7, 9, 14]",103.01175466017153,1.5728668802236665,101.43888777994786,104.5846215403952,10
2,"[0, 2, 7, 8, 9, 14]",129.00071064883508,1.5728668802236665,127.42784376861141,130.57357752905875,10
2,"[0, 1, 3, 4, 7, 8, 14]",175.80877878499103,1.5728668802236665,174.23591190476736,177.3816456652147,10
2,"[0, 1, 3, 7, 8, 14]",163.79090326936594,1.5728668802236665,162.21803638914227,165.3637701495896,10
2,[9],3.3896249773248948,1.5728668802236665,1.8167580971012283,4.962491857548561,10
2,"[0, 2, 4, 7, 8, 9, 14]",138.93528484958182,1.5728668802236665,137.36241796935815,140.5081517298055,10
2,"[0, 9, 3, 7]",50.24262571419308,1.5728668802236665,48.66975883396942,51.815492594416746,10
2,"[1, 3, 4, 9, 14]",65.13671920352459,1.5728668802236665,63.56385232330093,66.70958608374826,10
2,"[0, 2, 3, 7, 8]",104.35426125578893,1.5728668802236665,102.78139437556526,105.9271281360126,10
2,"[0, 8]",30.057003574170665,1.5728668802236665,28.484136693946997,31.629870454394332,10
2,"[0, 8, 2]",39.186473817470116,1.5728668802236665,37.61360693724645,40.75934069769378,10
2,"[1, 2, 3, 7, 8, 14]",182.6308248722509,1.5728668802236665,181.05795799202724,184.20369175247458,10
2,"[0, 1, 3, 4, 8, 9, 14]",150.07240374029513,1.5728668802236665,148.49953686007146,151.6452706205188,10
2,"[0, 1, 3, 7, 14]",86.17581724098807,1.5728668802236665,84.6029503607644,87.74868412121174,10
2,"[2, 3, 4, 8, 9]",103.95329492276849,1.5728668802236665,102.38042804254482,105.52616180299216,10
2,[7],15.69284579061242,1.5728668802236665,14.119978910388754,17.265712670836088,10
2,"[0, 2, 4, 7, 9, 14]",64.1971710010213,1.5728668802236665,62.62430412079764,65.77003788124497,10
2,"[1, 2, 3, 4, 9, 14]",110.03912366750731,1.5728668802236665,108.46625678728364,111.61199054773098,10
2,"[0, 1, 2, 4, 7, 8, 9]",161.52157235186317,1.5728668802236665,159.9487054716395,163.09443923208684,10
2,"[8, 9, 3, 7]",85.62581772455897,1.5728668802236665,84.0529508443353,87.19868460478264,10
2,"[1, 2, 9]",23.348559876418925,1.5728668802236665,21.775692996195257,24.921426756642592,10
2,"[0, 2, 4, 7, 14]",60.822228029535566,1.5728668802236665,59.2493611493119,62.39509490975923,10
2,"[2, 3]",24.228646812439354,1.5728668802236665,22.655779932215687,25.801513692663022,10
2,"[0, 1, 3, 4, 8, 14]",91.85297621975359,1.5728668802236665,90.28010933952991,93.42584309997726,10
2,"[1, 3, 14, 7]",61.77531523062207,1.5728668802236665,60.202448350398406,63.348182110845734,10
2,"[14, 7]",31.1806594973985,1.5728668802236665,29.607792617174834,32.753526377622165,10
2,"[0, 4, 14, 7]",54.38169198162664,1.5728668802236665,52.808825101402974,55.9545588618503,10
2,"[8, 1, 2, 9]",64.09951306347247,1.5728668802236665,62.52664618324881,65.67237994369614,10
2,"[9, 2, 3, 4]",57.992221585263245,1.5728668802236665,56.41935470503958,59.56508846548691,10
2,"[8, 9, 14]",46.67968080242514,1.5728668802236665,45.106813922201475,48.2525476826488,10
2,"[1, 2, 3, 8, 9, 14]",154.9199912305175,1.5728668802236665,153.34712435029383,156.49285811074117,10
2,"[0, 8, 14]",48.76630905564566,1.5728668802236665,47.19344217542199,50.33917593586932,10
2,"[0, 2, 3, 4]",55.94764227990623,1.5728668802236665,54.37477539968257,57.5205091601299,10
2,"[0, 3, 4, 8, 9]",89.2280254190405,1.5728668802236665,87.65515853881683,90.80089229926418,10
2,"[9, 4, 14, 7]",44.06683257866094,1.5728668802236665,42.49396569843728,45.63969945888461,10
2,"[0, 1, 2, 8]",81.5038122894076,1.5728668802236665,79.93094540918393,83.07667916963128,10
2,"[1, 2, 3, 7, 14]",98.52385328332682,1.5728668802236665,96.95098640310314,100.09672016355049,10
2,"[2, 4, 7, 8, 14]",100.03059379266953,1.5728668802236665,98.45772691244586,101.6034606728932,10
2,"[0, 1, 4, 9]",41.897590180141904,1.5728668802236665,40.32472329991824,43.47045706036557,10
2,"[8, 2, 14, 7]",90.10137135232569,1.5728668802236665,88.52850447210201,91.67423823254936,10
2,"[0, 9, 14, 7]",47.88446270378896,1.5728668802236665,46.3115958235653,49.457329584012626,10
2,"[8, 1, 2, 4]",56.317551393487236,1.5728668802236665,54.74468451326357,57.8904182737109,10
2,"[1, 3, 14]",43.13977220453612,1.5728668802236665,41.56690532431246,44.712639084759786,10
2,"[0, 1, 2, 4, 8]",91.14861525715365,1.5728668802236665,89.57574837692998,92.72148213737732,10
2,"[0, 2, 7, 8, 14]",103.88170925346942,1.5728668802236665,102.30884237324575,105.4545761336931,10
2,"[9, 14]",18.566631193886728,1.5728668802236665,16.99376431366306,20.139498074110396,10
2,"[0, 9, 2, 3]",47.433682903572915,1.5728668802236665,45.86081602334925,49.00654978379658,10
2,"[1, 2, 3, 4, 8, 14]",168.83644353038963,1.5728668802236665,167.26357665016596,170.4093104106133,10
2,"[1, 2, 4, 9]",33.35620275243657,1.5728668802236665,31.783335872212906,34.92906963266024,10
2,"[0, 8, 14, 7]",77.22043852843188,1.5728668802236665,75.64757164820821,78.79330540865556,10
2,"[0, 2, 7, 9, 14]",54.673069339139296,1.5728668802236665,53.10020245891563,56.24593621936296,10
2,"[8, 9, 4]",31.870525941433307,1.5728668802236665,30.29765906120964,33.44339282165697,10
2,"[9, 4, 14]",28.152427687015283,1.5728668802236665,26.579560806791616,29.72529456723895,10
2,"[2, 4, 8, 9, 14]",79.1148824458251,1.5728668802236665,77.54201556560143,80.68774932604877,10
2,"[0, 2, 7, 8, 9]",83.86788762848943,1.5728668802236665,82.29502074826576,85.4407545087131,10
2,"[0, 8, 2, 3]",64.7791099941954,1.5728668802236665,63.20624311397173,66.35197687441907,10
2,"[0, 1, 3]",43.84146175480727,1.5728668802236665,42.268594874583606,45.414328635030934,10
2,"[2, 3, 4, 7]",57.675717785585334,1.5728668802236665,56.10285090536167,59.248584665809,10
2,"[0, 1, 2, 3, 14]",94.95926976608195,1.5728668802236665,93.38640288585827,96.53213664630562,10
2,"[0, 9]",17.167475348435737,1.5728668802236665,15.594608468212071,18.740342228659404,10
2,"[3, 4, 7, 8, 9]",122.39817316702053,1.5728668802236665,120.82530628679686,123.9710400472442,10
2,[2],6.255152381621319,1.5728668802236665,4.6822855013976525,7.828019261844986,10
2,"[0, 2, 4, 8, 9, 14]",92.63411138051458,1.5728668802236665,91.06124450029091,94.20697826073825,10
2,"[0, 3, 4, 7, 8, 9]",136.32043705270806,1.5728668802236665,134.7475701724844,137.89330393293173,10
2,"[0, 1, 3, 4, 7, 9, 14]",108.64564293799526,1.5728668802236665,107.07277605777159,110.21850981821893,10
2,[0],13.562500556305537,1.5728668802236665,11.989633676081871,15.135367436529203,10
2,"[1, 2, 9, 14]",38.62248354547381,1.5728668802236665,37.04961666525015,40.19535042569748,10
2,"[0, 8, 4, 7]",58.98301685997135,1.5728668802236665,57.410149979747686,60.555883740195014,10
2,"[0, 2, 4, 7, 9]",49.34287259177676,1.5728668802236665,47.7700057115531,50.915739472000425,10
2,"[1, 3, 4, 7, 8, 9, 14]",207.32939099713167,1.5728668802236665,205.756524116908,208.90225787735534,10
2,"[0, 2, 4, 14]",45.23020237678251,1.5728668802236665,43.657335496558844,46.80306925700617,10
2,"[8, 1, 9, 7]",79.76787406176379,1.5728668802236665,78.19500718154012,81.34074094198746,10
2,"[0, 4, 8, 9, 14]",70.18315752023463,1.5728668802236665,68.61029064001096,71.7560244004583,10
2,"[1, 2, 3, 7, 9, 14]",122.3303458734778,1.5728668802236665,120.75747899325413,123.90321275370147,10
2,"[0, 1, 2, 3, 4, 9]",135.7015861551675,1.5728668802236665,134.12871927494382,137.27445303539116,10
2,"[1, 2, 4, 7, 8, 9, 14]",164.8084960543963,1.5728668802236665,163.23562917417263,166.38136293461997,10
2,"[9, 2, 3]",33.30966189966996,1.5728668802236665,31.736795019446294,34.882528779893626,10
2,"[0, 1, 4, 8, 14]",73.38210490170835,1.5728668802236665,71.80923802148467,74.95497178193202,10
2,"[0, 2, 4, 7, 8, 14]",113.43406525681533,1.5728668802236665,111.86119837659166,115.006932137039,10
2,"[0, 1, 3, 7, 8, 9, 14]",216.16113915809487,1.5728668802236665,214.5882722778712,217.73400603831854,10
2,"[8, 3, 4, 14]",63.11570778040601,1.5728668802236665,61.54284090018235,64.68857466062968,10
2,"[2, 3, 4, 9, 14]",73.32405735353319,1.5728668802236665,71.75119047330952,74.89692423375686,10
2,"[0, 1, 3, 7, 8]",112.63087758390881,1.5728668802236665,111.05801070368514,114.20374446413248,10
2,"[1, 4, 7, 8, 9, 14]",136.44344290093628,1.5728668802236665,134.8705760207126,138.01630978115995,10
2,"[0, 3, 4, 8, 9, 14]",135.09667481199784,1.5728668802236665,133.52380793177417,136.66954169222151,10
2,"[0, 8, 2, 14]",64.40354846331414,1.5728668802236665,62.830681583090474,65.97641534353781,10
2,"[1, 4, 9, 7]",43.73392192617011,1.5728668802236665,42.16105504594645,45.306788806393776,10
2,"[0, 1, 9, 14]",47.33880344395208,1.5728668802236665,45.76593656372842,48.911670324175745,10
2,"[0, 1, 14]",44.038806041615594,1.5728668802236665,42.46593916139193,45.61167292183926,10
2,"[8, 2, 4, 7]",61.075575865423254,1.5728668802236665,59.50270898519959,62.64844274564692,10
2,"[1, 2, 4, 7, 8]",94.98892630061866,1.5728668802236665,93.41605942039499,96.56179318084233,10
2,"[0, 1, 2, 8, 14]",129.19056603185282,1.5728668802236665,127.61769915162915,130.7634329120765,10
2,"[1, 3, 4, 9]",50.06256159222621,1.5728668802236665,48.489694712002546,51.635428472449874,10
2,"[0, 3, 7, 9, 14]",65.51704323730999,1.5728668802236665,63.94417635708633,67.08991011753366,10
2,"[0, 1, 3, 4]",56.61444222681945,1.5728668802236665,55.041575346595785,58.18730910704311,10
2,"[1, 2, 3, 4, 8]",121.61228012418246,1.5728668802236665,120.03941324395879,123.18514700440613,10
2,"[8, 9, 2, 4]",44.527328755534235,1.5728668802236665,42.95446187531057,46.1001956357579,10
2,"[0, 1, 14, 7]",70.67032674727068,1.5728668802236665,69.09745986704701,72.24319362749435,10
2,"[1, 2, 3, 4, 7, 8]",169.92288807845335,1.5728668802236665,168.35002119822968,171.49575495867703,10
2,"[0, 2, 3, 4, 8, 14]",141.8791500996434,1.5728668802236665,140.30628321941973,143.45201697986707,10
2,"[9, 2, 7]",25.32805680923537,1.5728668802236665,23.755189929011703,26.900923689459038,10
2,"[0, 1, 2, 3]",79.91165595540754,1.5728668802236665,78.33878907518387,81.48452283563121,10
2,"[2, 3, 4, 7, 14]",72.76333518167435,1.5728668802236665,71.19046830145068,74.33620206189802,10
2,"[0, 1, 3, 8, 9]",75.49167545325483,1.5728668802236665,73.91880857303116,77.0645423334785,10
2,"[0, 1, 2, 3, 7, 8, 9]",195.40805737427564,1.5728668802236665,193.83519049405197,196.9809242544993,10
2,"[0, 1, 2, 4, 9, 14]",70.99377630707333,1.5728668802236665,69.42090942684966,72.566643187297,10
2,"[1, 2, 3, 4, 7, 8, 9]",186.3051541967288,1.5728668802236665,184.73228731650514,187.87802107695248,10
2,"[8, 1, 3, 9]",59.21926369271951,1.5728668802236665,57.646396812495844,60.79213057294317,10
2,"[0, 1, 2, 3, 7, 8]",179.1207459794386,1.5728668802236665,177.54787909921492,180.69361285966227,10
2,"[0, 1, 3, 4, 7, 9]",93.29720597040662,1.5728668802236665,91.72433909018295,94.8700728506303,10
2,"[0, 1, 2, 4, 8, 14]",138.67951474855573,1.5728668802236665,137.10664786833206,140.2523816287794,10
2,"[1, 3, 4, 7, 8, 9]",163.2759854797412,1.5728668802236665,161.70311859951752,164.84885235996487,10
2,"[0, 1, 3, 4, 7, 8]",125.0395370717981,1.5728668802236665,123.46667019157442,126.61240395202177,10
2,"[1, 2, 4, 8, 9, 14]",118.02542106542285,1.5728668802236665,116.45255418519918,119.59828794564652,10
2,"[0, 1, 2, 3, 4, 7, 9]",179.3341137627488,1.5728668802236665,177.76124688252514,180.90698064297248,10
2,"[0, 1, 2, 7, 14]",95.39871579322696,1.5728668802236665,93.82584891300328,96.97158267345063,10
2,"[1, 4, 14]",37.29072364213134,1.5728668802236665,35.717856761907676,38.863590522355004,10
2,"[3, 4, 14, 7]",59.03960320900586,1.5728668802236665,57.4667363287822,60.612470089229525,10
2,"[3, 4, 7, 8, 9, 14]",170.43228967655415,1.5728668802236665,168.85942279633048,172.00515655677782,10
2,"[1, 2, 4, 7, 8, 14]",142.936935116933,1.5728668802236665,141.36406823670933,144.50980199715667,10
2,"[0, 9, 2, 7]",38.86350073013345,1.5728668802236665,37.29063384990979,40.43636761035712,10
2,"[8, 1, 4, 14]",56.957512881199854,1.5728668802236665,55.38464600097619,58.53037976142352,10
2,"[1, 2, 4, 9, 14]",48.65163313280796,1.5728668802236665,47.078766252584295,50.22450001303162,10
2,"[0, 2, 3, 7, 9, 14]",78.09180843137983,1.5728668802236665,76.51894155115616,79.6646753116035,10
2,"[0, 9, 3, 14]",49.874328710530506,1.5728668802236665,48.30146183030684,51.44719559075417,10
2,"[1, 3, 4, 7, 9]",68.72622443328905,1.5728668802236665,67.15335755306538,70.29909131351272,10
2,"[0, 2, 3, 8, 14]",103.53708326463243,1.5728668802236665,101.96421638440876,105.1099501448561,10
2,"[1, 2, 3, 4, 7, 8, 9, 14]",226.00784390522972,1.5728668802236665,224.43497702500605,227.5807107854534,10
2,"[9, 3, 4, 14]",52.636927816783235,1.5728668802236665,51.06406093655957,54.2097946970069,10
2,"[0, 1, 3, 7, 9]",75.71988124537064,1.5728668802236665,74.14701436514697,77.29274812559431,10
2,"[2, 3, 4, 8, 14]",127.64435595060988,1.5728668802236665,126.0714890703862,129.21722283083355,10
2,"[8, 9, 4, 14]",56.20316052586601,1.5728668802236665,54.63029364564235,57.776027406089675,10
2,"[0, 1, 2, 7]",80.3548492892734,1.5728668802236665,78.78198240904973,81.92771616949707,10
2,"[0, 1, 7, 8, 9]",124.03643038662692,1.5728668802236665,122.46356350640325,125.60929726685059,10
2,"[0, 1, 2, 3, 7, 8, 9, 14]",235.43976289807136,1.5728668802236665,233.8668960178477,237.01262977829504,10
2,"[0, 1, 2, 3, 4, 7, 14]",179.27606600196583,1.5728668802236665,177.70319912174216,180.8489328821895,10
2,"[9, 2, 4, 7]",35.253445963038565,1.5728668802236665,33.6805790828149,36.82631284326223,10
2,"[0, 1, 8, 14]",64.08281420160093,1.5728668802236665,62.50994732137726,65.6556810818246,10
2,"[0, 1, 2, 9, 14]",61.268424691672294,1.5728668802236665,59.69555781144863,62.84129157189596,10
2,"[0, 1, 3, 14]",59.429167077961914,1.5728668802236665,57.85630019773825,61.00203395818558,10
2,"[1, 2, 8, 9, 14]",107.93946742775799,1.5728668802236665,106.36660054753432,109.51233430798166,10
2,"[0, 1, 4, 7]",64.79655752635382,1.5728668802236665,63.22369064613016,66.3694244065775,10
2,"[8, 2, 14]",50.8721045745521,1.5728668802236665,49.29923769432843,52.44497145477576,10
2,"[8, 9, 2, 14]",69.34708286498741,1.5728668802236665,67.77421598476374,70.91994974521108,10
2,"[0, 1, 4, 7, 8, 14]",157.7170104421147,1.5728668802236665,156.14414356189104,159.28987732233838,10
2,"[0, 2, 3, 7, 8, 9, 14]",176.08758238843924,1.5728668802236665,174.51471550821557,177.66044926866292,10
2,"[1, 2, 3, 7]",83.12249927528035,1.5728668802236665,81.54963239505668,84.69536615550402,10
2,"[0, 2, 3, 4, 14]",71.02591781255633,1.5728668802236665,69.45305093233266,72.59878469278,10
2,"[1, 3, 7, 8, 9]",127.59971021609302,1.5728668802236665,126.02684333586934,129.17257709631667,10
2,"[8, 3, 7]",51.41541330797228,1.5728668802236665,49.842546427748616,52.988280188195944,10
2,"[8, 2, 3, 4]",80.61855605093056,1.5728668802236665,79.0456891707069,82.19142293115424,10
2,"[0, 4, 7, 8, 9, 14]",108.5403299446331,1.5728668802236665,106.96746306440943,110.11319682485677,10
2,"[0, 1, 2, 3, 7, 8, 14]",223.39989965683594,1.5728668802236665,221.82703277661227,224.9727665370596,10
2,"[1, 3, 4, 8, 9, 14]",134.0823987262752,1.5728668802236665,132.50953184605152,135.65526560649886,10
2,"[0, 1, 2, 9]",46.00093411877931,1.5728668802236665,44.42806723855565,47.57380099900298,10
2,"[8, 4, 14, 7]",73.15080588152193,1.5728668802236665,71.57793900129826,74.7236727617456,10
2,"[2, 4, 7, 9, 14]",50.29614337776983,1.5728668802236665,48.723276497546166,51.869010257993494,10
2,"[0, 4]",23.256522938086274,1.5728668802236665,21.683656057862606,24.82938981830994,10
2,"[2, 4, 14]",31.40566906766511,1.5728668802236665,29.83280218744144,32.97853594788877,10
2,"[0, 1, 2, 4, 7, 9]",93.1016595598115,1.5728668802236665,91.52879267958782,94.67452644003517,10
2,"[3, 4, 7]",44.069549095853624,1.5728668802236665,42.49668221562996,45.64241597607729,10
2,"[1, 2, 3, 4, 8, 9, 14]",184.6444684965388,1.5728668802236665,183.07160161631512,186.21733537676246,10
2,"[9, 2, 14]",24.77671345702821,1.5728668802236665,23.203846576804544,26.34958033725188,10
2,"[2, 3, 4, 7, 8, 9]",150.60650960724925,1.5728668802236665,149.03364272702558,152.17937648747292,10
2,"[0, 2, 3, 4, 7, 8]",142.40550231380274,1.5728668802236665,140.83263543357907,143.9783691940264,10
2,"[0, 2, 3, 4, 9]",71.99107271312934,1.5728668802236665,70.41820583290567,73.56393959335301,10
2,"[0, 8, 3, 4]",58.12529875307056,1.5728668802236665,56.552431872846896,59.698165633294224,10
2,"[0, 1, 2, 8, 9]",104.8579854844971,1.5728668802236665,103.28511860427344,106.43085236472078,10
2,"[1, 3, 7, 8, 14]",115.65578170153267,1.5728668802236665,114.082914821309,117.22864858175635,10
2,"[9, 3, 7]",36.5656477807582,1.5728668802236665,34.992780900534534,38.13851466098186,10
2,"[1, 2, 4]",30.407449885092348,1.5728668802236665,28.83458300486868,31.980316765316015,10
2,"[8, 9, 2, 3]",69.27029980501578,1.5728668802236665,67.69743292479211,70.84316668523945,10
2,"[0, 4, 14]",38.61405580460215,1.5728668802236665,37.04118892437849,40.18692268482582,10
2,"[0, 1, 4, 8, 9]",60.12850377247703,1.5728668802236665,58.55563689225337,61.701370652700696,10
2,"[8, 9, 14, 7]",85.18502137984703,1.5728668802236665,83.61215449962336,86.7578882600707,10
2,"[0, 1, 2, 4]",52.809498369011706,1.5728668802236665,51.23663148878804,54.38236524923537,10
2,"[0, 1, 7]",55.47050748026695,1.5728668802236665,53.89764060004329,57.04337436049062,10
2,"[1, 4, 9, 14]",40.234288050897895,1.5728668802236665,38.66142117067423,41.80715493112156,10
2,"[0, 8, 2, 7]",65.40451442742025,1.5728668802236665,63.83164754719659,66.97738130764392,10
2,"[1, 2, 4, 8, 14]",93.61169830205031,1.5728668802236665,92.03883142182664,95.18456518227399,10
2,"[1, 3, 4, 7, 14]",74.27060226700463,1.5728668802236665,72.69773538678096,75.8434691472283,10
2,"[0, 2, 3, 8, 9]",83.63174289323352,1.5728668802236665,82.05887601300985,85.2046097734572,10
2,"[8, 3, 4, 7]",63.88396837585545,1.5728668802236665,62.31110149563179,65.45683525607912,10
2,"[2, 3, 4, 7, 9]",73.96115721572681,1.5728668802236665,72.38829033550314,75.53402409595049,10
2,"[0, 8, 3, 14]",64.05880464786932,1.5728668802236665,62.48593776764566,65.631671528093,10
2,"[0, 2, 3, 9, 14]",62.125020441302674,1.5728668802236665,60.55215356107901,63.69788732152634,10
2,"[0, 1, 3, 8, 14]",78.8565032874046,1.5728668802236665,77.28363640718094,80.42937016762828,10
2,"[1, 3, 4, 7, 8]",87.10953986523474,1.5728668802236665,85.53667298501107,88.68240674545841,10
2,"[0, 3, 4, 7]",57.62120575403304,1.5728668802236665,56.04833887380938,59.194072634256706,10
2,"[9, 2]",9.678572205615323,1.5728668802236665,8.105705325391657,11.251439085838989,10
2,"[0, 1, 4, 7, 8]",106.88547442330821,1.5728668802236665,105.31260754308454,108.45834130353188,10
2,"[1, 14, 7]",46.145733339202714,1.5728668802236665,44.57286645897905,47.71860021942638,10
2,"[8, 2, 3, 7]",90.77982252261867,1.5728668802236665,89.206955642395,92.35268940284234,10
2,"[8, 2, 3, 14]",89.65730790643099,1.5728668802236665,88.08444102620732,91.23017478665466,10
2,"[0, 2, 4, 7]",45.29177325577727,1.5728668802236665,43.71890637555361,46.864640136000936,10
2,"[8, 1, 9, 14]",58.79420037943622,1.5728668802236665,57.221333499212555,60.36706725965988,10
2,"[0, 4, 7, 8, 9]",70.60302129905462,1.5728668802236665,69.03015441883095,72.17588817927829,10
2,"[1, 2, 7, 8, 9, 14]",155.00132231639458,1.5728668802236665,153.4284554361709,156.57418919661825,10
2,"[0, 3, 4, 14]",56.8310027765249,1.5728668802236665,55.25813589630123,58.40386965674856,10
2,"[0, 2, 3, 4, 7, 14]",86.9108233326608,1.5728668802236665,85.33795645243713,88.48369021288447,10
2,"[0, 8, 3, 7]",65.10078591213917,1.5728668802236665,63.52791903191551,66.67365279236284,10
2,"[1, 3, 4, 8, 14]",75.27572461367382,1.5728668802236665,73.70285773345014,76.84859149389749,10
2,"[0, 2, 3, 7, 9]",63.070117001002714,1.5728668802236665,61.49725012077905,64.64298388122639,10
2,"[3, 14]",30.27685301407478,1.5728668802236665,28.703986133851114,31.84971989429845,10
2,"[2, 7]",22.223784245325156,1.5728668802236665,20.65091736510149,23.796651125548824,10
2,"[1, 2, 4, 7, 9, 14]",74.11978059076407,1.5728668802236665,72.5469137105404,75.69264747098774,10
2,"[0, 1, 2, 3, 4, 8, 9]",181.16989576051878,1.5728668802236665,179.5970288802951,182.74276264074246,10
2,"[0, 2, 3, 4, 9, 14]",87.33537582406242,1.5728668802236665,85.76250894383875,88.9082427042861,10
2,[3],15.426993011707145,1.5728668802236665,13.85412613148348,16.99985989193081,10
2,"[2, 4, 7, 8, 9]",79.82988694198556,1.5728668802236665,78.25702006176189,81.40275382220923,10
2,"[0, 2, 3, 7, 8, 14]",153.20165378148647,1.5728668802236665,151.6287869012628,154.77452066171014,10
2,"[0, 1, 4, 7, 8, 9, 14]",181.77490050714067,1.5728668802236665,180.202033626917,183.34776738736434,10
2,"[9, 3, 14]",35.91753732292179,1.5728668802236665,34.344670442698124,37.49040420314545,10
2,"[9, 7]",18.973895400409663,1.5728668802236665,17.401028520185996,20.54676228063333,10
2,"[1, 4, 7, 9, 14]",59.02048376726153,1.5728668802236665,57.44761688703787,60.593350647485195,10
2,"[0, 2, 3, 4, 8, 9, 14]",162.91856854712896,1.5728668802236665,161.34570166690528,164.49143542735263,10
2,"[0, 2, 3, 8, 9, 14]",128.50255745456644,1.5728668802236665,126.92969057434277,130.0754243347901,10
2,"[0, 1, 3, 8]",60.437050972554616,1.5728668802236665,58.86418409233095,62.00991785277828,10
2,"[3, 4, 7, 8, 14]",91.37981184895007,1.5728668802236665,89.8069449687264,92.95267872917374,10
2,"[0, 1, 2, 3, 9]",102.57224736681235,1.5728668802236665,100.99938048658868,104.14511424703602,10
2,"[0, 1, 2, 3, 4, 7, 8]",210.4174456882573,1.5728668802236665,208.84457880803362,211.99031256848096,10
2,"[0, 8, 4, 9]",45.28743892375375,1.5728668802236665,43.71457204353008,46.86030580397741,10
2,"[1, 2, 14, 7]",60.804266995879274,1.5728668802236665,59.23140011565561,62.37713387610294,10
2,"[1, 7, 8, 9, 14]",126.71685718993861,1.5728668802236665,125.14399030971494,128.28972407016226,10
2,"[8, 14, 7]",63.167321106058374,1.5728668802236665,61.59445422583471,64.74018798628204,10
2,"[0, 1, 2, 3, 4, 7]",163.73112613512677,1.5728668802236665,162.1582592549031,165.30399301535044,10
2,"[0, 1, 3, 4, 7, 8, 9]",203.45476064725358,1.5728668802236665,201.8818937670299,205.02762752747725,10
2,"[0, 3, 4, 7, 9, 14]",82.91285198795525,1.5728668802236665,81.33998510773158,84.48571886817892,10
2,"[1, 4, 9]",25.344146862685673,1.5728668802236665,23.771279982462005,26.91701374290934,10
2,"[0, 8, 3]",46.027523764723895,1.5728668802236665,44.45465688450023,47.60039064494756,10
2,"[4, 14, 7]",41.16581935411224,1.5728668802236665,39.59295247388857,42.7386862343359,10
2,"[2, 3, 4, 7, 9, 14]",89.5591972600788,1.5728668802236665,87.98633037985513,91.13206414030248,10
2,"[1, 3, 4, 7, 8, 14]",127.80920184840647,1.5728668802236665,126.2363349681828,129.38206872863014,10
2,"[2, 4, 7, 8, 9, 14]",125.06048990948554,1.5728668802236665,123.48762302926187,126.63335678970921,10
2,"[0, 1, 2, 7, 8, 14]",178.84383034104863,1.5728668802236665,177.27096346082496,180.4166972212723,10
2,"[0, 3, 4, 7, 8, 9, 14]",184.17768384212428,1.5728668802236665,182.6048169619006,185.75055072234795,10
2,"[0, 3, 7, 8, 9, 14]",147.4699414257628,1.5728668802236665,145.89707454553914,149.04280830598648,10
2,[1],12.050581125640944,1.5728668802236665,10.477714245417278,13.62344800586461,10
2,"[0, 1, 3, 4, 7, 14]",98.77542379107544,1.5728668802236665,97.20255691085177,100.34829067129911,10
2,"[0, 1, 2, 3, 7, 14]",143.19442953663628,1.5728668802236665,141.6215626564126,144.76729641685995,10
2,"[0, 1, 2, 4, 7, 8, 14]",188.3980707651872,1.5728668802236665,186.82520388496354,189.97093764541088,10
2,"[1, 3, 4, 7]",58.66718223295567,1.5728668802236665,57.094315352732,60.24004911317933,10
2,"[0, 1, 2, 3, 4, 8]",165.7305276402895,1.5728668802236665,164.15766076006582,167.30339452051317,10
2,"[1, 4, 7]",40.41506935697404,1.5728668802236665,38.84220247675037,41.9879362371977,10
2,"[0, 2, 3, 4, 8, 9]",117.43479615060633,1.5728668802236665,115.86192927038266,119.00766303083,10
2,"[1, 2, 4, 7, 8, 9]",118.94302475212433,1.5728668802236665,117.37015787190066,120.515891632348,10
2,"[0, 1, 2, 3, 4, 9, 14]",151.3699419673672,1.5728668802236665,149.79707508714353,152.94280884759087,10
2,"[0, 1, 4, 7, 9]",68.27318777381755,1.5728668802236665,66.70032089359388,69.84605465404123,10
2,"[0, 1, 2, 4, 7, 8, 9, 14]",204.46683965088386,1.5728668802236665,202.89397277066018,206.03970653110753,10
2,"[8, 1, 3, 7]",74.6068483820308,1.5728668802236665,73.03398150180713,76.17971526225448,10
2,"[0, 3, 4, 8, 14]",76.78674335393251,1.5728668802236665,75.21387647370884,78.35961023415618,10
2,"[9, 2, 3, 7]",49.13416439626309,1.5728668802236665,47.561297516039424,50.70703127648675,10
2,"[2, 3, 7]",39.848798179254906,1.5728668802236665,38.27593129903124,41.42166505947857,10
2,"[1, 2, 3, 7, 9]",106.286884638269,1.5728668802236665,104.71401775804533,107.85975151849267,10
2,"[0, 1, 3, 4, 9, 14]",81.97225956858135,1.5728668802236665,80.39939268835768,83.54512644880502,10
2,"[4, 14]",25.026451494154692,1.5728668802236665,23.453584613931024,26.59931837437836,10
2,"[0, 1, 2, 3, 8, 9, 14]",193.90399678239254,1.5728668802236665,192.33112990216887,195.4768636626162,10
2,"[0, 3, 7]",44.94148424827245,1.5728668802236665,43.36861736804879,46.514351128496116,10
2,"[0, 4, 7, 9, 14]",57.48712172408843,1.5728668802236665,55.91425484386477,59.059988604312096,10
2,"[8, 9, 3, 4]",75.35773332059223,1.5728668802236665,73.78486644036856,76.9306002008159,10
2,"[0, 2, 14]",35.42280664832504,1.5728668802236665,33.84993976810138,36.99567352854871,10
2,"[0, 14]",28.977837766547147,1.5728668802236665,27.40497088632348,30.550704646770814,10
2,"[2, 7, 8, 9, 14]",115.29921321694621,1.5728668802236665,113.72634633672254,116.87208009716988,10
2,"[2, 3, 4, 7, 8, 14]",177.489514289838,1.5728668802236665,175.91664740961434,179.06238117006168,10
2,"[8, 14]",35.3894949465142,1.5728668802236665,33.816628066290534,36.96236182673786,10
2,"[0, 1, 2, 7, 9, 14]",98.93055971747037,1.5728668802236665,97.3576928372467,100.50342659769404,10
2,"[0, 1, 2, 7, 8, 9]",151.40362397723783,1.5728668802236665,149.83075709701416,152.9764908574615,10
2,"[8, 1, 4, 9]",43.77687987945148,1.5728668802236665,42.204012999227814,45.34974675967514,10
2,"[8, 1, 4]",38.40198415201546,1.5728668802236665,36.829117271791795,39.97485103223912,10
2,"[0, 2, 14, 7]",50.627863451492324,1.5728668802236665,49.05499657126866,52.20073033171599,10
2,"[9, 2, 4]",19.485274497612092,1.5728668802236665,17.912407617388425,21.05814137783576,10
2,"[0, 7, 8, 9, 14]",98.62219717866847,1.5728668802236665,97.0493302984448,100.19506405889214,10
2,"[0, 1, 9, 7]",58.770644215627385,1.5728668802236665,57.19777733540372,60.34351109585105,10
2,"[8, 2, 4, 14]",60.47834889572887,1.5728668802236665,58.90548201550521,62.051215775952535,10
2,"[0, 1, 2, 7, 8]",129.97303055817636,1.5728668802236665,128.4001636779527,131.54589743840003,10
2,"[0, 9, 3]",34.56228138706699,1.5728668802236665,32.989414506843325,36.13514826729065,10
2,[8],16.457604847440876,1.5728668802236665,14.88473796721721,18.030471727664544,10
2,"[9, 2, 14, 7]",40.34361361353881,1.5728668802236665,38.77074673331514,41.91648049376247,10
2,"[0, 1, 4, 8]",54.91615769829154,1.5728668802236665,53.34329081806788,56.489024578515206,10
2,"[0, 1, 2, 4, 9]",55.94872505913021,1.5728668802236665,54.37585817890655,57.521591939353875,10
2,"[8, 1]",28.893376150025755,1.5728668802236665,27.320509269802088,30.466243030249423,10
2,"[8, 1, 2]",46.48129520778444,1.5728668802236665,44.90842832756078,48.054162088008106,10
2,"[1, 2, 3]",44.745743576190804,1.5728668802236665,43.17287669596714,46.31861045641447,10
2,"[1, 3]",27.52970196289895,1.5728668802236665,25.956835082675283,29.10256884312262,10
2,"[8, 9, 2]",34.62654956059673,1.5728668802236665,33.053682680373065,36.19941644082039,10
2,"[1, 3, 9, 14]",47.92104528412602,1.5728668802236665,46.34817840390236,49.49391216434969,10
2,"[0, 3, 4, 7, 9]",67.76608697227314,1.5728668802236665,66.19322009204947,69.33895385249681,10
2,"[1, 2, 3, 8, 14]",132.54946517131197,1.5728668802236665,130.9765982910883,134.12233205153564,10
2,"[0, 2, 3, 4, 7, 8, 9, 14]",207.15526738338014,1.5728668802236665,205.58240050315646,208.7281342636038,10
2,"[0, 1, 2, 4, 8, 9]",114.5092139209003,1.5728668802236665,112.93634704067662,116.08208080112396,10
2,"[1, 2, 3, 4, 7, 9, 14]",155.6496414343972,1.5728668802236665,154.07677455417354,157.22250831462088,10
2,"[1, 2, 9, 7]",48.61436043505915,1.5728668802236665,47.04149355483548,50.18722731528281,10
2,"[0, 8, 4, 14]",58.15143693706998,1.5728668802236665,56.57857005684632,59.724303817293645,10
2,"[0, 2, 4, 9, 14]",48.56206471581653,1.5728668802236665,46.98919783559287,50.1349315960402,10
2,[4],9.862265414347988,1.5728668802236665,8.289398534124322,11.435132294571654,10
2,"[0, 1, 3, 4, 14]",71.95952624860966,1.5728668802236665,70.38665936838599,73.53239312883333,10
2,"[2, 3, 7, 8, 9]",115.90529008601797,1.5728668802236665,114.3324232057943,117.47815696624164,10
2,"[0, 1, 2, 3, 4, 7, 8, 9, 14]",260.26285069577955,1.5728668802236665,258.6899838155559,261.8357175760032,10
2,"[1, 9, 14]",30.548226277892933,1.5728668802236665,28.975359397669266,32.1210931581166,10
2,"[0, 1, 2, 3, 7, 9]",149.52708899556697,1.5728668802236665,147.9542221153433,151.09995587579064,10
2,"[0, 9, 2]",23.13317772645509,1.5728668802236665,21.560310846231424,24.70604460667876,10
2,"[0, 2, 3, 7]",54.03822035454955,1.5728668802236665,52.46535347432589,55.611087234773215,10
2,"[1, 2, 3, 4, 14]",88.3411944198446,1.5728668802236665,86.76832753962093,89.91406130006827,10
2,"[2, 3, 4, 14]",57.36350572666811,1.5728668802236665,55.790638846444445,58.93637260689177,10
2,"[0, 3, 7, 8, 9]",98.96987295085128,1.5728668802236665,97.39700607062761,100.54273983107495,10
2,"[3, 4, 8, 9, 14]",121.8658628582377,1.5728668802236665,120.29299597801403,123.43872973846138,10
2,"[0, 1, 2, 3, 7]",127.77160640823982,1.5728668802236665,126.19873952801615,129.3444732884635,10
2,"[0, 2, 8, 9, 14]",82.97573096860765,1.5728668802236665,81.40286408838398,84.54859784883132,10
2,"[9, 4, 7]",28.715739859659767,1.5728668802236665,27.1428729794361,30.288606739883434,10
2,"[8, 7]",35.88532940171655,1.5728668802236665,34.31246252149288,37.45819628194021,10
2,"[0, 1, 3, 7, 9, 14]",91.51598965495103,1.5728668802236665,89.94312277472736,93.0888565351747,10
2,"[1, 2, 14]",35.679305206010596,1.5728668802236665,34.10643832578693,37.25217208623426,10
2,"[8, 1, 3, 4]",56.24932387074034,1.5728668802236665,54.67645699051668,57.822190750964005,10
2,"[1, 14]",27.58820825585706,1.5728668802236665,26.015341375633394,29.16107513608073,10
2,"[0, 3, 7, 8, 14]",92.91889785706701,1.5728668802236665,91.34603097684334,94.49176473729068,10
2,"[1, 2, 3, 4, 9]",94.93151292003697,1.5728668802236665,93.3586460398133,96.50437980026064,10
2,"[2, 3, 14, 7]",55.2419261535174,1.5728668802236665,53.66905927329373,56.81479303374106,10
2,"[0, 1, 2, 3, 4]",115.4316053937022,1.5728668802236665,113.85873851347853,117.00447227392587,10
2,"[8, 4, 7]",45.43555780789704,1.5728668802236665,43.86269092767338,47.008424688120705,10
2,"[3, 7, 8, 9, 14]",133.781546014148,1.5728668802236665,132.20867913392433,135.35441289437168,10
2,"[1, 3, 7]",46.34046085747453,1.5728668802236665,44.76759397725087,47.9133277376982,10
2,"[0, 3, 14]",44.541469596202965,1.5728668802236665,42.9686027159793,46.11433647642663,10
2,"[0, 1, 7, 9, 14]",73.95901922848033,1.5728668802236665,72.38615234825666,75.531886108704,10
2,"[1, 2, 3, 7, 8, 9]",155.56420455451632,1.5728668802236665,153.99133767429265,157.13707143474,10
2,"[8, 9, 7]",47.09837655023878,1.5728668802236665,45.52550967001512,48.67124343046245,10
2,"[4, 7]",25.663712699575406,1.5728668802236665,24.09084581935174,27.236579579799074,10
2,"[2, 3, 14]",39.48676403025214,1.5728668802236665,37.913897150028475,41.0596309104758,10
2,"[8, 1, 3, 14]",63.01460149315508,1.5728668802236665,61.44173461293141,64.58746837337874,10
2,"[0, 3, 4, 7, 14]",72.7061014860445,1.5728668802236665,71.13323460582083,74.27896836626817,10
2,"[1, 3, 9]",32.72732051521868,1.5728668802236665,31.15445363499501,34.30018739544234,10
2,"[0, 3, 4, 7, 8]",77.70502768576348,1.5728668802236665,76.13216080553981,79.27789456598715,10
2,"[8, 2, 3]",51.035432294744865,1.5728668802236665,49.4625654145212,52.60829917496853,10
2,"[1, 2, 3, 9, 14]",77.65716601487043,1.5728668802236665,76.08429913464676,79.2300328950941,10
2,"[1, 2, 3, 8, 9]",108.26570960942213,1.5728668802236665,106.69284272919846,109.8385764896458,10
2,"[0, 1, 4, 9, 14]",56.45141410420282,1.5728668802236665,54.878547223979155,58.02428098442648,10
2,"[0, 9, 4, 14]",41.86321880111699,1.5728668802236665,40.29035192089333,43.43608568134066,10
2,"[8, 1, 2, 7]",84.73796721532224,1.5728668802236665,83.16510033509857,86.31083409554591,10
2,"[0, 8, 4]",40.17915963272465,1.5728668802236665,38.606292752500984,41.75202651294831,10
2,"[0, 2, 4, 8, 14]",74.07568418880781,1.5728668802236665,72.50281730858414,75.64855106903148,10
2,"[1, 9]",15.502230289035557,1.5728668802236665,13.929363408811891,17.075097169259223,10
2,"[1, 2, 3, 4, 7, 9]",140.3494121470387,1.5728668802236665,138.77654526681502,141.92227902726236,10
2,"[0, 1, 2, 4, 8, 9, 14]",160.14133172818183,1.5728668802236665,158.56846484795815,161.7141986084055,10
2,"[2, 3, 4, 7, 8, 9, 14]",193.21123671760205,1.5728668802236665,191.63836983737838,194.78410359782572,10
2,"[8, 4]",26.21726840322877,1.5728668802236665,24.6444015230051,27.790135283452436,10
2,"[1, 3, 4, 14]",55.278699008348994,1.5728668802236665,53.70583212812533,56.85156588857266,10
2,"[2, 3, 4]",41.96728357910701,1.5728668802236665,40.39441669888335,43.540150459330675,10
2,"[1, 2, 4, 7]",55.00461302782516,1.5728668802236665,53.431746147601494,56.57747990804882,10
2,"[0, 8, 9, 14]",60.33541726548678,1.5728668802236665,58.76255038526312,61.90828414571045,10
2,"[1, 4, 7, 8, 9]",89.64163075243887,1.5728668802236665,88.0687638722152,91.21449763266254,10
2,"[1, 2, 4, 14]",45.87237412532326,1.5728668802236665,44.2995072450996,47.445241005546926,10
2,"[0, 8, 9, 7]",61.126239931601255,1.5728668802236665,59.55337305137759,62.69910681182492,10
2,"[0, 2, 3]",37.819561233705194,1.5728668802236665,36.24669435348153,39.39242811392886,10
2,"[1, 4, 8, 9, 14]",68.66172573606559,1.5728668802236665,67.08885885584192,70.23459261628926,10
2,"[0, 3]",29.410416323560423,1.5728668802236665,27.837549443336755,30.98328320378409,10
2,"[8, 1, 9]",33.983062089792426,1.5728668802236665,32.41019520956876,35.55592897001609,10
2,"[0, 1, 2, 3, 4, 14]",131.24611845838857,1.5728668802236665,129.6732515781649,132.81898533861224,10
2,"[3, 14, 7]",46.18508012226989,1.5728668802236665,44.612213242046224,47.75794700249355,10
2,"[0, 3, 4]",41.41480811623921,1.5728668802236665,39.84194123601554,42.98767499646287,10
2,"[0, 9, 3, 4]",51.65122489198875,1.5728668802236665,50.07835801176508,53.22409177221241,10
2,"[1, 3, 7, 9, 14]",66.68449533679765,1.5728668802236665,65.11162845657398,68.25736221702132,10
2,"[0, 2, 3, 4, 8]",94.33675001360345,1.5728668802236665,92.76388313337978,95.90961689382712,10
2,"[2, 3, 7, 8, 9, 14]",162.9343037942191,1.5728668802236665,161.36143691399542,164.50717067444276,10
2,"[0, 9, 4, 7]",42.491433353988725,1.5728668802236665,40.91856647376506,44.06430023421239,10
2,"[8, 1, 2, 14]",84.16874664098437,1.5728668802236665,82.5958797607607,85.74161352120804,10
2,"[0, 2, 4, 7, 8]",74.89114315431637,1.5728668802236665,73.3182762740927,76.46401003454004,10
2,"[0, 9, 14]",32.224221820600334,1.5728668802236665,30.651354940376667,33.797088700824,10
2,"[0, 1, 2, 4, 7, 14]",105.18824384192803,1.5728668802236665,103.61537696170436,106.7611107221517,10
2,"[0, 8, 3, 9]",60.777438059277145,1.5728668802236665,59.20457117905348,62.35030493950081,10
2,"[8, 1, 7]",58.75482588003564,1.5728668802236665,57.181958999811975,60.3276927602593,10
2,"[0, 2, 3, 7, 8, 9]",129.21165836475944,1.5728668802236665,127.63879148453577,130.78452524498312,10
2,[],0.006001889857943334,0.034616367652045704,-0.02861447779410237,0.04061825750998904,10000
2,"[8, 4, 14]",44.910022729274786,1.5728668802236665,43.33715584905112,46.48288960949845,10
2,"[0, 1, 4, 7, 8, 9]",133.65649732274136,1.5728668802236665,132.0836304425177,135.22936420296503,10
2,"[0, 1, 3, 8, 9, 14]",112.86043959811548,1.5728668802236665,111.2875727178918,114.43330647833915,10
2,"[0, 2, 3, 4, 7, 9]",87.51447134503655,1.5728668802236665,85.94160446481288,89.08733822526023,10
2,"[0, 1, 2, 3, 4, 7, 8, 9]",222.65157348758234,1.5728668802236665,221.07870660735867,224.224440367806,10
2,"[0, 1, 7, 8, 9, 14]",171.5517915944974,1.5728668802236665,169.97892471427372,173.12465847472106,10
2,"[0, 2, 3, 4, 7, 8, 14]",191.04564823008167,1.5728668802236665,189.472781349858,192.61851511030534,10
2,"[1, 9, 7]",34.21338228302962,1.5728668802236665,32.64051540280595,35.78624916325328,10
2,"[3, 7]",31.457280685736492,1.5728668802236665,29.884413805512825,33.030147565960156,10
2,"[0, 1]",28.552482862336774,1.5728668802236665,26.979615982113106,30.12534974256044,10
2,"[0, 1, 3, 4, 8, 9]",103.98770320131214,1.5728668802236665,102.41483632108847,105.56057008153581,10
2,"[8, 9, 3]",46.977313366127404,1.5728668802236665,45.40444648590374,48.55018024635107,10
2,"[0, 1, 2, 3, 7, 9, 14]",164.6997706063285,1.5728668802236665,163.12690372610484,166.27263748655218,10
2,"[0, 1, 4]",38.18132756119614,1.5728668802236665,36.60846068097248,39.754194441419806,10
2,"[1, 2]",20.276779584193036,1.5728668802236665,18.70391270396937,21.849646464416704,10
2,"[8, 9]",22.126587032589605,1.5728668802236665,20.553720152365937,23.699453912813272,10
2,"[8, 1, 3]",44.23501895135991,1.5728668802236665,42.66215207113625,45.807885831583576,10
2,"[0, 1, 2, 4, 7]",89.83333060651206,1.5728668802236665,88.26046372628839,91.40619748673573,10
2,"[0, 9, 4]",26.72978531253663,1.5728668802236665,25.156918432312963,28.3026521927603,10
2,"[1, 4]",22.172074567142072,1.5728668802236665,20.599207686918405,23.74494144736574,10
2,"[9, 3, 4]",37.971885856987925,1.5728668802236665,36.39901897676426,39.54475273721159,10
2,"[0, 3, 14, 7]",60.41630797641646,1.5728668802236665,58.8434410961928,61.989174856640126,10
2,"[0, 1, 8]",44.74408817609182,1.5728668802236665,43.17122129586816,46.316955056315486,10
2,"[1, 2, 4, 7, 14]",70.81988428690792,1.5728668802236665,69.24701740668425,72.39275116713159,10
2,"[9, 4]",12.80493354585615,1.5728668802236665,11.232066665632484,14.377800426079816,10
2,"[0, 4, 7]",39.11844421499662,1.5728668802236665,37.54557733477296,40.691311095220286,10
2,"[1, 2, 3, 7, 8, 9, 14]",198.714087752073,1.5728668802236665,197.14122087184933,200.28695463229667,10
2,"[0, 1, 4, 7, 14]",80.59794614837024,1.5728668802236665,79.02507926814657,82.17081302859391,10
2,"[0, 7]",29.349688487581965,1.5728668802236665,27.776821607358297,30.922555367805632,10
2,"[1, 2, 3, 9]",62.45644616051069,1.5728668802236665,60.88357928028702,64.02931304073435,10
2,"[0, 2, 7]",35.76405179732551,1.5728668802236665,34.19118491710184,37.33691867754917,10
2,"[0, 8, 2, 4]",48.8279562586202,1.5728668802236665,47.255089378396534,50.40082313884386,10
2,"[1, 14, 9, 7]",49.22800546410706,1.5728668802236665,47.6551385838834,50.80087234433073,10
2,"[1, 2, 7, 8, 14]",132.8548227734997,1.5728668802236665,131.28195589327603,134.42768965372338,10
2,"[1, 2, 3, 4]",73.62826309080177,1.5728668802236665,72.0553962105781,75.20112997102544,10
2,"[0, 2, 3, 7, 14]",69.00076664024179,1.5728668802236665,67.42789976001812,70.57363352046546,10
2,"[1, 3, 4, 8, 9]",87.45025122290929,1.5728668802236665,85.87738434268562,89.02311810313296,10
2,"[2, 4, 7]",31.574991989037233,1.5728668802236665,30.002125108813566,33.1478588692609,10
2,"[0, 8, 2, 9]",48.82056597021595,1.5728668802236665,47.24769908999229,50.393432850439616,10
2,"[1, 4, 14, 7]",55.905885373475755,1.5728668802236665,54.33301849325209,57.47875225369942,10
2,"[9, 2, 3, 14]",48.47367279404223,1.5728668802236665,46.900805913818566,50.046539674265894,10
2,"[0, 1, 3, 4, 7, 8, 9, 14]",243.4329592265016,1.5728668802236665,241.86009234627792,245.00582610672527,10
2,"[0, 9, 7]",32.401759295836754,1.5728668802236665,30.828892415613087,33.97462617606042,10
2,"[0, 1, 3, 9]",49.423280676821875,1.5728668802236665,47.85041379659821,50.99614755704554,10
2,"[3, 4, 7, 9, 14]",68.80705572387119,1.5728668802236665,67.23418884364752,70.37992260409486,10
2,"[0, 1, 2, 3, 8]",129.94920055769643,1.5728668802236665,128.37633367747276,131.5220674379201,10
3,"[1, 12, 6]",22.528824964689612,1.5728668802236665,20.955958084465944,24.10169184491328,10
3,"[0, 12, 7]",33.52190496213948,1.5728668802236665,31.949038081915813,35.094771842363144,10
3,"[0, 2, 6, 7]",46.357981477371695,1.5728668802236665,44.78511459714803,47.93084835759536,10
3,"[0, 1, 7]",49.52271430774185,1.5728668802236665,47.949847427518186,51.095581187965514,10
3,"[2, 6]",9.539426171740741,1.5728668802236665,7.966559291517075,11.112293051964407,10
3,"[0, 12]",18.57519675105002,1.5728668802236665,17.00232987082635,20.148063631273686,10
3,"[0, 2, 12]",23.330574570472017,1.5728668802236665,21.75770769024835,24.903441450695684,10
3,[1],10.442446013603249,1.5728668802236665,8.869579133379583,12.015312893826914,10
3,"[0, 12, 6]",30.715662089883494,1.5728668802236665,29.142795209659827,32.28852897010716,10
3,"[1, 12, 7]",35.19270923888514,1.5728668802236665,33.61984235866148,36.76557611910881,10
3,"[1, 2, 6, 7]",58.392883079769796,1.5728668802236665,56.82001619954613,59.96574995999346,10
3,"[0, 6]",17.980600613888566,1.5728668802236665,16.407733733664898,19.553467494112233,10
3,"[1, 7]",28.524936577644656,1.5728668802236665,26.95206969742099,30.097803457868324,10
3,"[0, 2, 6]",22.85312414558214,1.5728668802236665,21.280257265358472,24.425991025805807,10
3,"[1, 2, 7]",40.43922415077269,1.5728668802236665,38.866357270549024,42.01209103099635,10
3,"[1, 12, 6, 7]",61.120284008605175,1.5728668802236665,59.54741712838151,62.69315088882884,10
3,"[0, 2]",16.892439936261702,1.5728668802236665,15.319573056038037,18.46530681648537,10
3,"[1, 6, 7]",39.6263348226167,1.5728668802236665,38.053467942393034,41.19920170284036,10
3,"[0, 2, 12, 6]",35.315445248933734,1.5728668802236665,33.74257836871007,36.8883121291574,10
3,"[1, 2, 12, 7]",46.98506745165457,1.5728668802236665,45.41220057143091,48.557934331878236,10
3,"[2, 12, 6]",17.242369968760553,1.5728668802236665,15.669503088536887,18.81523684898422,10
3,"[0, 1, 6, 7]",69.72330714571937,1.5728668802236665,68.1504402654957,71.29617402594305,10
3,"[12, 6]",12.109497022359875,1.5728668802236665,10.53663014213621,13.68236390258354,10
3,"[1, 6]",14.73146057713249,1.5728668802236665,13.158593696908824,16.304327457356155,10
3,"[0, 7]",26.81429726676729,1.5728668802236665,25.241430386543623,28.38716414699096,10
3,"[0, 2, 6, 7, 12]",68.29147638318281,1.5728668802236665,66.71860950295914,69.86434326340648,10
3,"[1, 2, 6]",21.39289363887297,1.5728668802236665,19.820026758649302,22.965760519096637,10
3,"[0, 2, 7]",31.74871595371103,1.5728668802236665,30.175849073487363,33.3215828339347,10
3,"[0, 12, 6, 7]",63.58799124152502,1.5728668802236665,62.01512436130135,65.16085812174869,10
3,"[0, 1, 6, 7, 12]",97.51455100398292,1.5728668802236665,95.94168412375925,99.08741788420659,10
3,"[2, 6, 7]",26.76532970846345,1.5728668802236665,25.192462828239783,28.33819658868712,10
3,"[0, 1, 2]",35.89131288951906,1.5728668802236665,34.31844600929539,37.46417976974272,10
3,"[0, 1, 12, 6]",55.414774068257636,1.5728668802236665,53.84190718803397,56.9876409484813,10
3,"[6, 7]",22.002284075840087,1.5728668802236665,20.42941719561642,23.575150956063755,10
3,"[0, 1]",24.662420899950543,1.5728668802236665,23.089554019726876,26.23528778017421,10
3,"[0, 1, 12, 7]",56.09136730395136,1.5728668802236665,54.518500423727694,57.66423418417502,10
3,"[0, 1, 2, 7, 12]",77.38812977763332,1.5728668802236665,75.81526289740965,78.960996657857,10
3,"[1, 12]",16.809981764204572,1.5728668802236665,15.237114883980906,18.38284864442824,10
3,"[1, 2, 12]",23.503980877950436,1.5728668802236665,21.93111399772677,25.076847758174104,10
3,"[0, 1, 6]",35.29982191622599,1.5728668802236665,33.72695503600232,36.87268879644965,10
3,"[2, 12, 6, 7]",39.981001675645594,1.5728668802236665,38.40813479542193,41.55386855586926,10
3,"[0, 1, 2, 12]",42.70192942286794,1.5728668802236665,41.12906254264428,44.274796303091605,10
3,"[2, 7]",20.081514707531134,1.5728668802236665,18.508647827307467,21.654381587754802,10
3,[12],6.706246921151783,1.5728668802236665,5.133380040928116,8.279113801375448,10
3,"[2, 12, 7]",26.85223636902947,1.5728668802236665,25.279369488805802,28.425103249253137,10
3,[2],4.811951308755821,1.5728668802236665,3.2390844285321547,6.384818188979488,10
3,"[12, 7]",22.009289702382894,1.5728668802236665,20.436422822159226,23.58215658260656,10
3,"[0, 1, 2, 6, 7]",93.97254307350453,1.5728668802236665,92.39967619328085,95.5454099537282,10
3,"[0, 1, 2, 6, 7, 12]",119.67432589901964,1.5728668802236665,118.10145901879596,121.2471927792433,10
3,"[1, 2]",17.126874441022558,1.5728668802236665,15.554007560798892,18.699741321246226,10
3,"[0, 6, 7]",41.509517794377885,1.5728668802236665,39.93665091415422,43.08238467460155,10
3,"[1, 2, 12, 6]",29.093555249861424,1.5728668802236665,27.520688369637757,30.666422130085092,10
3,"[0, 2, 12, 7]",38.421487397583945,1.5728668802236665,36.84862051736028,39.99435427780761,10
3,"[0, 1, 2, 7]",70.80689520522428,1.5728668802236665,69.23402832500061,72.37976208544795,10
3,[7],14.977006584467915,1.5728668802236665,13.40413970424425,16.549873464691583,10
3,"[2, 12]",11.880882131769871,1.5728668802236665,10.308015251546205,13.453749011993537,10
3,"[0, 1, 12]",31.0450908869077,1.5728668802236665,29.472224006684034,32.617957767131365,10
3,"[12, 6, 7]",35.002238877505434,1.5728668802236665,33.42937199728177,36.5751057577291,10
3,[6],4.513043675628805,1.5728668802236665,2.9401767954051383,6.085910555852472,10
3,"[0, 1, 2, 6]",52.55002535763274,1.5728668802236665,50.97715847740908,54.122892237856405,10
3,"[1, 2, 6, 7, 12]",83.85500835738569,1.5728668802236665,82.28214147716201,85.42787523760936,10
3,"[0, 1, 2, 6, 12]",77.09505421110983,1.5728668802236665,75.52218733088615,78.6679210913335,10
3,[],-0.003126088596833292,0.034616367652045704,-0.037742456248878994,0.031490279055212414,10000
3,[0],12.192379056532394,1.5728668802236665,10.619512176308728,13.76524593675606,10
4,"[10, 11, 14, 15]",38.63468112138009,1.5728668802236665,37.061814241156426,40.207548001603755,10
4,"[17, 10, 11, 14]",40.34560317559412,1.5728668802236665,38.77273629537046,41.918470055817785,10
4,"[9, 10, 17, 15]",51.948857219088396,1.5728668802236665,50.37599033886473,53.52172409931206,10
4,"[9, 10, 14, 17]",29.846279443136204,1.5728668802236665,28.273412562912537,31.419146323359872,10
4,"[17, 10, 14]",24.623547656569542,1.5728668802236665,23.050680776345875,26.19641453679321,10
4,"[16, 9, 4, 17]",53.484262535009215,1.5728668802236665,51.91139565478555,55.05712941523288,10
4,"[16, 17, 11, 14, 15]",123.71589954785682,1.5728668802236665,122.14303266763315,125.28876642808049,10
4,[10],3.8932230076448575,1.5728668802236665,2.3203561274211912,5.466089887868524,10
4,"[11, 14, 15]",33.2761436059579,1.5728668802236665,31.70327672573423,34.84901048618156,10
4,"[9, 11, 14, 15]",44.084161759551804,1.5728668802236665,42.51129487932814,45.65702863977547,10
4,"[17, 10, 14, 15]",46.41659264192573,1.5728668802236665,44.84372576170207,47.989459522149396,10
4,"[17, 4, 9, 10, 11]",93.30852378844838,1.5728668802236665,91.73565690822471,94.88139066867205,10
4,"[9, 10, 14]",13.98141514294878,1.5728668802236665,12.408548262725114,15.554282023172446,10
4,"[10, 11, 15]",31.21804290071965,1.5728668802236665,29.64517602049598,32.790909780943316,10
4,"[17, 4, 9, 11, 14]",49.422722457719885,1.5728668802236665,47.84985557749622,50.99558933794355,10
4,"[16, 4, 9, 10, 11, 15]",144.21372297105412,1.5728668802236665,142.64085609083045,145.7865898512778,10
4,"[10, 11, 14]",16.892734012749763,1.5728668802236665,15.319867132526097,18.46560089297343,10
4,"[17, 4, 9, 11, 15]",65.42505047958737,1.5728668802236665,63.852183599363705,66.99791735981104,10
4,"[16, 17]",33.92892541656958,1.5728668802236665,32.35605853634591,35.50179229679324,10
4,"[16, 11, 4]",37.50219787387848,1.5728668802236665,35.929330993654816,39.075064754102144,10
4,"[17, 9, 10, 11, 14, 15]",122.94193625935316,1.5728668802236665,121.36906937912948,124.51480313957683,10
4,"[16, 15]",37.885547755835056,1.5728668802236665,36.31268087561139,39.45841463605872,10
4,"[16, 9, 10, 11, 14]",55.46184425078726,1.5728668802236665,53.888977370563595,57.03471113101092,10
4,"[17, 4, 9, 10, 11, 14, 15]",164.11009377343584,1.5728668802236665,162.53722689321216,165.6829606536595,10
4,"[4, 14, 15]",41.51760081880133,1.5728668802236665,39.94473393857766,43.09046769902499,10
4,"[11, 4, 14, 15]",48.5208201916389,1.5728668802236665,46.94795331141523,50.09368707186256,10
4,"[9, 14]",9.072482456738928,1.5728668802236665,7.499615576515262,10.645349336962594,10
4,"[9, 15]",25.795404671844608,1.5728668802236665,24.22253779162094,27.368271552068276,10
4,"[11, 14]",11.352327470885006,1.5728668802236665,9.77946059066134,12.925194351108672,10
4,[16],14.879757691576994,1.5728668802236665,13.306890811353329,16.452624571800662,10
4,"[17, 4, 14]",35.563276061804544,1.5728668802236665,33.99040918158088,37.13614294202821,10
4,"[16, 17, 10]",46.382085261888776,1.5728668802236665,44.80921838166511,47.95495214211244,10
4,"[16, 9, 11]",26.356206011784774,1.5728668802236665,24.783339131561107,27.929072892008442,10
4,"[16, 4, 9, 14, 15]",86.78149836597868,1.5728668802236665,85.208631485755,88.35436524620235,10
4,"[17, 4, 10, 11, 14, 15]",96.34338775685663,1.5728668802236665,94.77052087663296,97.9162546370803,10
4,"[16, 17, 11, 15]",94.71607464358698,1.5728668802236665,93.1432077633633,96.28894152381065,10
4,"[16, 9, 14, 17]",43.02063201412291,1.5728668802236665,41.447765133899246,44.593498894346574,10
4,"[17, 4, 9, 10, 14, 15]",110.91931683886018,1.5728668802236665,109.34644995863651,112.49218371908385,10
4,"[16, 9, 17, 15]",90.49504148909398,1.5728668802236665,88.92217460887031,92.06790836931765,10
4,"[16, 17, 15]",66.15493514667095,1.5728668802236665,64.58206826644728,67.72780202689462,10
4,"[16, 4, 9, 10, 14]",69.57959980136403,1.5728668802236665,68.00673292114035,71.1524666815877,10
4,"[17, 11, 4]",40.21872126517136,1.5728668802236665,38.6458543849477,41.791588145395025,10
4,"[9, 10, 11, 14, 15]",78.62485907831874,1.5728668802236665,77.05199219809506,80.1977259585424,10
4,"[16, 17, 4, 9, 10, 11, 14]",141.82781707791725,1.5728668802236665,140.25495019769357,143.40068395814092,10
4,"[9, 4, 14]",24.01326516064496,1.5728668802236665,22.44039828042129,25.586132040868627,10
4,"[16, 17, 9, 10, 11, 15]",145.29194616753767,1.5728668802236665,143.719079287314,146.86481304776134,10
4,"[9, 11, 4, 14]",31.18085967658385,1.5728668802236665,29.607992796360183,32.753726556807514,10
4,"[16, 10, 11]",34.528398742899306,1.5728668802236665,32.95553186267564,36.10126562312297,10
4,"[16, 9, 10, 11]",50.58116488457942,1.5728668802236665,49.00829800435576,52.154031764803086,10
4,"[16, 9, 15]",50.889469512995944,1.5728668802236665,49.31660263277228,52.46233639321961,10
4,"[16, 11, 14]",26.624453580319038,1.5728668802236665,25.05158670009537,28.197320460542706,10
4,"[16, 17, 4, 10, 14]",88.43867406019348,1.5728668802236665,86.8658071799698,90.01154094041715,10
4,"[16, 11, 15]",44.50893559883366,1.5728668802236665,42.936068718609995,46.08180247905732,10
4,"[9, 10, 14, 15]",53.79247116062976,1.5728668802236665,52.219604280406095,55.36533804085342,10
4,"[17, 4, 9, 14, 15]",68.44831582186808,1.5728668802236665,66.87544894164441,70.02118270209175,10
4,"[16, 17, 4, 11, 14, 15]",138.9323837815887,1.5728668802236665,137.35951690136503,140.50525066181237,10
4,"[9, 11, 14]",16.147074311811075,1.5728668802236665,14.574207431587409,17.719941192034742,10
4,"[17, 4, 10, 11, 15]",88.73937907870348,1.5728668802236665,87.16651219847981,90.31224595892715,10
4,"[17, 10, 11, 15]",54.96719917821865,1.5728668802236665,53.394332297994985,56.540066058442314,10
4,"[16, 10, 4]",45.756775490446174,1.5728668802236665,44.18390861022251,47.32964237066984,10
4,"[16, 17, 9, 14, 15]",118.30351098151041,1.5728668802236665,116.73064410128674,119.87637786173408,10
4,"[16, 10, 11, 4]",68.77593186470514,1.5728668802236665,67.20306498448147,70.34879874492881,10
4,"[16, 4, 9, 11, 14, 15]",94.03441588915763,1.5728668802236665,92.46154900893396,95.6072827693813,10
4,"[17, 4, 10, 14, 15]",63.302492337510465,1.5728668802236665,61.7296254572868,64.87535921773413,10
4,"[10, 4]",21.771300695463474,1.5728668802236665,20.198433815239806,23.34416757568714,10
4,"[17, 10, 11]",35.73478233741771,1.5728668802236665,34.16191545719405,37.30764921764138,10
4,"[9, 10, 11, 17]",52.101531358364866,1.5728668802236665,50.5286644781412,53.67439823858853,10
4,"[9, 10, 11, 15]",57.42114563625963,1.5728668802236665,55.84827875603597,58.994012516483295,10
4,"[4, 9, 11, 14, 15]",59.387339954581854,1.5728668802236665,57.81447307435819,60.96020683480552,10
4,"[16, 17, 4, 9, 11, 14]",73.91173764220507,1.5728668802236665,72.3388707619814,75.48460452242874,10
4,"[9, 10, 15]",36.51790237117022,1.5728668802236665,34.94503549094656,38.09076925139389,10
4,"[16, 4, 14, 15]",66.23804555350102,1.5728668802236665,64.66517867327735,67.8109124337247,10
4,"[16, 9, 11, 4]",41.31985678297037,1.5728668802236665,39.746989902746705,42.89272366319403,10
4,"[16, 10, 4, 15]",88.79100793408983,1.5728668802236665,87.21814105386616,90.3638748143135,10
4,"[16, 10, 4, 14]",50.1234472595345,1.5728668802236665,48.55058037931084,51.696314139758165,10
4,"[16, 17, 9, 10, 14, 15]",140.92560984062666,1.5728668802236665,139.352742960403,142.49847672085033,10
4,"[9, 17]",19.9504739129773,1.5728668802236665,18.377607032753634,21.52334079320097,10
4,"[10, 11]",12.352170486070602,1.5728668802236665,10.779303605846936,13.925037366294267,10
4,"[9, 11, 4]",26.577817773915672,1.5728668802236665,25.004950893692005,28.15068465413934,10
4,"[17, 10, 4]",37.19690783369673,1.5728668802236665,35.62404095347306,38.76977471392039,10
4,"[9, 10, 4, 15]",71.28374556078043,1.5728668802236665,69.71087868055676,72.8566124410041,10
4,"[10, 11, 4, 14]",39.54152907130887,1.5728668802236665,37.96866219108521,41.114395951532536,10
4,"[17, 10, 11, 14, 15]",62.126322847480125,1.5728668802236665,60.55345596725646,63.69918972770379,10
4,"[16, 17, 10, 11, 14, 15]",146.69060545166485,1.5728668802236665,145.11773857144118,148.26347233188852,10
4,"[10, 11, 4, 15]",53.8203651456735,1.5728668802236665,52.247498265449835,55.39323202589716,10
4,"[16, 11, 14, 15]",58.434130271282335,1.5728668802236665,56.86126339105867,60.006997151506,10
4,"[16, 14, 15]",51.37551664959974,1.5728668802236665,49.802649769376075,52.9483835298234,10
4,"[16, 17, 4, 9, 10]",109.74392845448408,1.5728668802236665,108.1710615742604,111.31679533470775,10
4,"[16, 17, 4, 11, 14]",70.11020983170465,1.5728668802236665,68.53734295148098,71.68307671192832,10
4,"[16, 17, 11, 14]",54.962577324994946,1.5728668802236665,53.38971044477128,56.53544420521861,10
4,"[16, 9, 10, 11, 14, 15]",120.99561928652227,1.5728668802236665,119.4227524062986,122.56848616674594,10
4,"[9, 11]",11.300484058076853,1.5728668802236665,9.727617177853187,12.873350938300518,10
4,"[9, 4, 17]",35.50952272168014,1.5728668802236665,33.93665584145648,37.082389601903806,10
4,"[9, 11, 4, 17]",44.601000741920984,1.5728668802236665,43.02813386169732,46.17386762214465,10
4,"[17, 4, 14, 15]",57.202726732933705,1.5728668802236665,55.62985985271004,58.77559361315737,10
4,"[17, 15]",34.75663249286147,1.5728668802236665,33.183765612637806,36.329499373085135,10
4,"[11, 4, 15]",40.98141488204066,1.5728668802236665,39.408548001816996,42.554281762264324,10
4,"[17, 9, 10, 11, 14]",56.99927662054013,1.5728668802236665,55.426409740316466,58.572143500763794,10
4,"[16, 4, 9, 10, 11, 14, 15]",162.09967493836186,1.5728668802236665,160.5268080581382,163.67254181858553,10
4,"[17, 14]",20.621438256465577,1.5728668802236665,19.04857137624191,22.194305136689245,10
4,"[11, 4, 14]",26.78474540738573,1.5728668802236665,25.211878527162064,28.3576122876094,10
4,"[9, 4, 15]",40.84519869905371,1.5728668802236665,39.27233181883005,42.418065579277375,10
4,"[17, 9, 10, 11, 15]",100.63474370364077,1.5728668802236665,99.0618768234171,102.20761058386444,10
4,"[16, 4, 9, 10, 11]",91.67387153119058,1.5728668802236665,90.10100465096691,93.24673841141426,10
4,"[16, 9, 11, 14]",30.58051427043402,1.5728668802236665,29.00764739021035,32.15338115065769,10
4,"[17, 4, 9, 10, 11, 15]",146.10189206823213,1.5728668802236665,144.52902518800846,147.6747589484558,10
4,"[16, 9, 14]",24.00510599579469,1.5728668802236665,22.432239115571022,25.577972876018357,10
4,"[16, 17, 4, 10, 15]",139.07969706514217,1.5728668802236665,137.5068301849185,140.65256394536584,10
4,"[10, 14, 15]",30.293498934038563,1.5728668802236665,28.720632053814896,31.86636581426223,10
4,"[9, 10, 11]",20.346706652168375,1.5728668802236665,18.773839771944708,21.919573532392043,10
4,"[17, 11, 14, 15]",51.141361945461036,1.5728668802236665,49.56849506523737,52.7142288256847,10
4,"[17, 4, 11, 14, 15]",66.45700176894523,1.5728668802236665,64.88413488872156,68.0298686491689,10
4,"[16, 4, 9, 10, 14, 15]",139.54663282434305,1.5728668802236665,137.97376594411938,141.11949970456672,10
4,"[17, 4, 9, 10, 14]",51.85078364552298,1.5728668802236665,50.27791676529932,53.423650525746645,10
4,"[16, 17, 4, 10, 11, 15]",169.89360151798482,0.034616367652045704,169.85898515033278,169.92821788563685,10000
4,"[16, 17, 4, 9, 10, 14]",114.34127567955781,1.5728668802236665,112.76840879933414,115.91414255978148,10
4,"[17, 4, 9, 10, 15]",87.034789252069,1.5728668802236665,85.46192237184533,88.60765613229268,10
4,"[9, 11, 15]",32.62962965258076,1.5728668802236665,31.056762772357093,34.202496532804425,10
4,"[17, 4, 10, 11, 14]",74.92786051752252,1.5728668802236665,73.35499363729885,76.50072739774619,10
4,[15],19.070057878396902,1.5728668802236665,17.497190998173235,20.64292475862057,10
4,"[16, 9, 4, 14]",39.497244350786644,1.5728668802236665,37.92437747056298,41.07011123101031,10
4,"[16, 11, 4, 15]",59.80770611674944,1.5728668802236665,58.23483923652578,61.38057299697311,10
4,"[16, 11, 4, 14]",41.89597392767086,1.5728668802236665,40.323107047447195,43.46884080789452,10
4,"[4, 15]",34.02134126696721,1.5728668802236665,32.44847438674355,35.594208147190876,10
4,"[17, 11, 15]",44.132867913052316,1.5728668802236665,42.56000103282865,45.70573479327598,10
4,"[4, 9, 10, 11, 14]",55.67279444828237,1.5728668802236665,54.0999275680587,57.24566132850603,10
4,"[16, 17, 4, 9, 11, 15]",137.97774287405636,1.5728668802236665,136.4048759938327,139.55060975428003,10
4,"[16, 17, 9, 10, 11, 14, 15]",163.8183640365826,1.5728668802236665,162.24549715635894,165.39123091680628,10
4,"[9, 10, 11, 14]",24.9176762555886,1.5728668802236665,23.34480937536493,26.490543135812267,10
4,"[16, 17, 10, 4]",83.89160491857305,1.5728668802236665,82.31873803834938,85.46447179879672,10
4,"[16, 17, 9, 11, 15]",122.73287034681417,1.5728668802236665,121.1600034665905,124.30573722703784,10
4,[],0.08090654166285753,1.5728668802236665,-1.491960338560809,1.653773421886524,10
4,"[16, 17, 9, 11, 14]",59.05867126052509,1.5728668802236665,57.485804380301424,60.63153814074875,10
4,"[9, 4, 14, 15]",52.367563669746666,1.5728668802236665,50.794696789523,53.94043054997033,10
4,"[10, 4, 15]",40.183245444332094,1.5728668802236665,38.61037856410843,41.75611232455576,10
4,"[10, 4, 14]",26.100800070913323,1.5728668802236665,24.527933190689655,27.67366695113699,10
4,"[9, 10, 4, 14]",36.008012148075764,1.5728668802236665,34.4351452678521,37.58087902829943,10
4,"[16, 17, 4, 10, 11]",114.69326065652976,0.3682369320823823,114.32502372444738,115.06149758861214,100
4,"[16, 17, 10, 11]",70.00758291786846,1.5728668802236665,68.43471603764479,71.58044979809213,10
4,"[16, 9, 10, 14]",36.120922695295405,1.5728668802236665,34.54805581507174,37.69378957551907,10
4,"[16, 10, 14]",25.889882248405307,1.5728668802236665,24.31701536818164,27.462749128628975,10
4,"[16, 17, 4, 9, 15]",105.10549700580422,1.5728668802236665,103.53263012558055,106.6783638860279,10
4,"[16, 10, 15]",50.45392874140456,1.5728668802236665,48.881061861180896,52.026795621628224,10
4,"[16, 17, 4, 9, 14]",58.094767894569905,1.5728668802236665,56.52190101434624,59.66763477479357,10
4,"[16, 17, 4, 11, 15]",109.79940099948897,0.3682369320823823,109.43116406740658,110.16763793157135,100
4,"[14, 15]",26.008660222277136,1.5728668802236665,24.43579334205347,27.581527102500804,10
4,"[16, 17, 4, 9, 10, 11, 15]",188.0561671139475,1.5728668802236665,186.48330023372384,189.62903399417118,10
4,"[17, 10, 4, 14]",41.814453987123514,1.5728668802236665,40.24158710689985,43.38732086734718,10
4,"[16, 9, 11, 17]",54.3187108994327,1.5728668802236665,52.74584401920904,55.891577779656366,10
4,"[16, 17, 14, 15]",91.09864006959843,1.5728668802236665,89.52577318937476,92.6715069498221,10
4,"[16, 9, 17]",38.473967232590596,1.5728668802236665,36.90110035236693,40.04683411281426,10
4,"[16, 4, 10, 14, 15]",116.94016008471252,1.5728668802236665,115.36729320448885,118.51302696493619,10
4,"[4, 9, 10, 11, 14, 15]",121.38219115775186,1.5728668802236665,119.80932427752819,122.95505803797553,10
4,"[16, 4, 9, 11, 15]",72.9566890541536,1.5728668802236665,71.38382217392993,74.52955593437727,10
4,"[17, 4, 9, 10, 11, 14]",98.12363576063706,1.5728668802236665,96.55076888041339,99.69650264086073,10
4,"[16, 9, 11, 15]",57.703043597905356,1.5728668802236665,56.13017671768169,59.27591047812902,10
4,"[9, 17, 14, 15]",52.89687101647411,1.5728668802236665,51.324004136250444,54.46973789669777,10
4,"[11, 4]",21.92679626535092,1.5728668802236665,20.353929385127252,23.499663145574587,10
4,"[4, 9, 10, 14, 15]",95.86940746883013,1.5728668802236665,94.29654058860646,97.4422743490538,10
4,"[16, 4, 10, 11, 14, 15]",145.29863661816822,1.5728668802236665,143.72576973794455,146.8715034983919,10
4,"[16, 17, 4, 9, 10, 15]",164.12507756175816,1.5728668802236665,162.5522106815345,165.69794444198183,10
4,"[16, 9, 10, 4]",64.58280758826004,1.5728668802236665,63.009940708036375,66.15567446848371,10
4,"[16, 17, 11, 4]",64.88656206249959,1.5728668802236665,63.31369518227593,66.45942894272326,10
4,"[16, 9]",19.481612783873874,1.5728668802236665,17.908745903650207,21.054479664097542,10
4,"[16, 10, 11, 14, 15]",100.19056151005607,1.5728668802236665,98.6176946298324,101.76342839027974,10
4,"[16, 17, 10, 11, 14]",74.61161146574074,1.5728668802236665,73.03874458551707,76.18447834596441,10
4,[17],15.514703209126258,1.5728668802236665,13.941836328902593,17.087570089349924,10
4,"[16, 4, 14]",34.87108093090412,1.5728668802236665,33.29821405068046,36.443947811127785,10
4,"[16, 17, 9, 10, 15]",117.1158240126887,1.5728668802236665,115.54295713246503,118.68869089291238,10
4,"[16, 4, 15]",52.87716110487672,1.5728668802236665,51.304294224653056,54.450027985100384,10
4,"[16, 9, 4, 15]",66.08344583819152,1.5728668802236665,64.51057895796785,67.6563127184152,10
4,"[16, 17, 9, 10, 14]",70.62929033815752,1.5728668802236665,69.05642345793385,72.20215721838119,10
4,"[9, 10, 17]",25.177095162042537,1.5728668802236665,23.60422828181887,26.749962042266205,10
4,"[9, 14, 17]",24.89513507142418,1.5728668802236665,23.32226819120051,26.468001951647846,10
4,"[16, 4, 9, 10, 11, 14]",96.50773069590961,1.5728668802236665,94.93486381568594,98.08059757613329,10
4,"[9, 17, 15]",41.51462780886966,1.5728668802236665,39.941760928646,43.087494689093326,10
4,"[4, 14]",19.85298482772818,1.5728668802236665,18.28011794750451,21.425851707951846,10
4,"[17, 11, 14]",29.814012846691234,1.5728668802236665,28.241145966467567,31.386879726914902,10
4,"[4, 9, 10, 11, 15]",99.84105795330802,1.5728668802236665,98.26819107308435,101.4139248335317,10
4,"[16, 10]",20.898817165899068,1.5728668802236665,19.3259502856754,22.471684046122736,10
4,"[16, 9, 4]",34.86757036853504,1.5728668802236665,33.29470348831138,36.440437248758705,10
4,"[16, 9, 11, 14, 15]",79.00543782200131,1.5728668802236665,77.43257094177764,80.57830470222498,10
4,"[16, 17, 10, 14, 15]",118.37182844262671,1.5728668802236665,116.79896156240304,119.94469532285038,10
4,"[16, 17, 4, 15]",81.1978044044733,1.5728668802236665,79.62493752424963,82.77067128469697,10
4,"[9, 10]",9.543536253980728,1.5728668802236665,7.970669373757061,11.116403134204393,10
4,"[9, 10, 4, 17]",47.21317682084376,1.5728668802236665,45.6403099406201,48.78604370106743,10
4,"[16, 17, 4, 10, 11, 14, 15]",189.46298593672736,1.5728668802236665,187.8901190565037,191.03585281695104,10
4,"[17, 11, 4, 14]",44.88686298084032,1.5728668802236665,43.313996100616656,46.459729861063984,10
4,"[16, 9, 10, 17]",65.4419124956286,1.5728668802236665,63.869045615404936,67.01477937585227,10
4,"[16, 4, 11, 14, 15]",73.44334629617205,1.5728668802236665,71.87047941594838,75.01621317639572,10
4,"[16, 10, 11, 15]",75.12180874835164,1.5728668802236665,73.54894186812797,76.69467562857531,10
4,"[16, 10, 11, 14]",39.53764367111627,1.5728668802236665,37.96477679089261,41.110510551339935,10
4,"[16, 9, 10, 15]",70.94899216138853,1.5728668802236665,69.37612528116486,72.5218590416122,10
4,"[9, 10, 11, 4]",51.064521050945324,1.5728668802236665,49.49165417072166,52.63738793116899,10
4,"[17, 10]",19.637890365244587,1.5728668802236665,18.06502348502092,21.210757245468255,10
4,"[10, 11, 4]",34.70742869810868,1.5728668802236665,33.134561817885015,36.28029557833234,10
4,"[10, 15]",23.18255016821255,1.5728668802236665,21.609683287988883,24.755417048436218,10
4,"[17, 9, 11, 14, 15]",62.273191364102765,1.5728668802236665,60.7003244838791,63.84605824432643,10
4,"[16, 17, 4, 9, 11, 14, 15]",162.20715752523034,1.5728668802236665,160.63429064500667,163.78002440545401,10
4,"[17, 10, 4, 15]",55.66113027063943,1.5728668802236665,54.08826339041577,57.2339971508631,10
4,"[16, 4]",29.877944479345775,1.5728668802236665,28.305077599122107,31.450811359569443,10
4,"[16, 17, 11]",50.16303434563334,1.5728668802236665,48.59016746540968,51.735901225857006,10
4,"[16, 17, 10, 15]",89.98254737048394,1.5728668802236665,88.40968049026027,91.55541425070761,10
4,"[16, 4, 9, 11, 14]",46.032072537006556,1.5728668802236665,44.45920565678289,47.60493941723022,10
4,"[9, 4]",19.50472674963727,1.5728668802236665,17.931859869413604,21.07759362986094,10
4,"[9, 11, 17]",29.783999988678126,1.5728668802236665,28.211133108454458,31.356866868901793,10
4,"[4, 10, 11, 14, 15]",61.044408887321254,1.5728668802236665,59.47154200709759,62.61727576754492,10
4,"[17, 10, 15]",38.516893370131385,1.5728668802236665,36.94402648990772,40.08976025035505,10
4,"[16, 17, 4, 10, 11, 14]",119.75627296275368,1.5728668802236665,118.18340608253001,121.32913984297736,10
4,[14],5.152395217471364,1.5728668802236665,3.579528337247697,6.725262097695031,10
4,"[16, 11]",21.34697435422001,1.5728668802236665,19.77410747399634,22.919841234443677,10
4,"[16, 17, 4]",49.258700596784905,1.5728668802236665,47.68583371656124,50.83156747700857,10
4,"[16, 9, 10, 14, 15]",94.90369436148765,1.5728668802236665,93.33082748126398,96.47656124171132,10
4,"[4, 9, 10, 11, 14, 15, 16, 17]",203.11809089084915,1.5728668802236665,201.54522401062547,204.69095777107282,10
4,"[16, 17, 10, 11, 15]",122.61739632268214,1.5728668802236665,121.04452944245847,124.19026320290581,10
4,"[9, 14, 15]",37.174088313718855,1.5728668802236665,35.60122143349519,38.74695519394252,10
4,"[17, 4]",31.19271711753235,1.5728668802236665,29.619850237308682,32.76558399775602,10
4,"[16, 17, 4, 9, 10, 11]",137.1479850479231,1.5728668802236665,135.57511816769943,138.72085192814677,10
4,"[16, 17, 4, 10, 14, 15]",165.5014919878154,1.5728668802236665,163.92862510759173,167.07435886803907,10
4,"[9, 11, 17, 15]",50.817266983432596,1.5728668802236665,49.24440010320893,52.39013386365626,10
4,"[9, 11, 14, 17]",34.38729712040147,1.5728668802236665,32.814430240177806,35.960164000625134,10
4,"[16, 17, 9, 10, 11]",93.07071457546117,1.5728668802236665,91.4978476952375,94.64358145568484,10
4,[11],6.99533494591257,1.5728668802236665,5.4224680656889035,8.568201826136237,10
4,"[16, 14]",19.656692920245643,1.5728668802236665,18.083826040021975,21.22955980046931,10
4,"[16, 9, 10, 11, 15]",99.23950580337296,1.5728668802236665,97.66663892314929,100.81237268359664,10
4,[9],4.175952005918465,1.5728668802236665,2.6030851256947987,5.748818886142132,10
4,"[16, 17, 4, 14]",54.207704737458755,1.5728668802236665,52.63483785723509,55.78057161768242,10
4,"[17, 10, 11, 4]",70.31491587918819,1.5728668802236665,68.74204899896452,71.88778275941186,10
4,"[17, 11]",24.687592146096097,1.5728668802236665,23.11472526587243,26.260459026319765,10
4,"[17, 9, 10, 14, 15]",69.56156245494181,1.5728668802236665,67.98869557471814,71.13442933516548,10
4,"[11, 15]",25.59036688359662,1.5728668802236665,24.01750000337295,27.163233763820287,10
4,"[17, 4, 15]",50.02927570882489,1.5728668802236665,48.456408828601226,51.602142589048555,10
4,"[9, 4, 17, 15]",56.99625517973196,1.5728668802236665,55.4233882995083,58.569122059955625,10
4,"[16, 17, 4, 9, 10, 14, 15]",183.30653116345087,1.5728668802236665,181.7336642832272,184.87939804367454,10
4,"[9, 4, 14, 17]",40.03587943891805,1.5728668802236665,38.46301255869439,41.608746319141716,10
4,"[17, 11, 4, 15]",58.893703175527136,1.5728668802236665,57.32083629530347,60.4665700557508,10
4,"[16, 9, 14, 15]",71.67907956349713,1.5728668802236665,70.10621268327345,73.2519464437208,10
4,[4],15.286597237271952,1.5728668802236665,13.713730357048286,16.85946411749562,10
4,"[16, 17, 14]",38.76877494459203,1.5728668802236665,37.19590806436837,40.341641824815696,10
4,"[16, 4, 10, 11, 14]",74.01594164899772,1.5728668802236665,72.44307476877405,75.5888085292214,10
4,"[16, 4, 9, 10, 15]",115.99326626711238,1.5728668802236665,114.4203993868887,117.56613314733605,10
4,"[16, 4, 10, 11, 15]",121.25270147971469,1.5728668802236665,119.67983459949102,122.82556835993836,10
4,"[16, 17, 9, 11, 14, 15]",147.34095571774793,1.5728668802236665,145.76808883752426,148.9138225979716,10
4,"[9, 10, 4]",31.577057364265805,1.5728668802236665,30.004190484042137,33.14992424448947,10
4,"[10, 4, 14, 15]",47.44579778146595,1.5728668802236665,45.872930901242285,49.01866466168961,10
4,"[9, 11, 4, 15]",47.52001575050805,1.5728668802236665,45.94714887028439,49.092882630731715,10
4,"[16, 17, 9, 10, 11, 14]",97.8082743471361,1.5728668802236665,96.23540746691243,99.38114122735978,10
4,"[10, 14]",9.225004721209094,1.5728668802236665,7.652137840985428,10.79787160143276,10
4,"[16, 10, 14, 15]",71.54215340232221,1.5728668802236665,69.96928652209854,73.11502028254588,10
4,"[16, 9, 10]",30.68140417620834,1.5728668802236665,29.10853729598467,32.254271056432,10
4,"[16, 17, 4, 9, 11]",69.63262546126187,1.5728668802236665,68.0597585810382,71.20549234148554,10
4,"[16, 17, 4, 14, 15]",106.00475193454031,1.5728668802236665,104.43188505431664,107.57761881476398,10
4,"[17, 4, 9, 11, 14, 15]",77.40954010274292,1.5728668802236665,75.83667322251925,78.9824069829666,10
4,"[16, 17, 10, 14]",51.328528659230116,1.5728668802236665,49.75566177900645,52.90139553945378,10
4,"[16, 17, 4, 9, 14, 15]",133.5716867233713,1.5728668802236665,131.99881984314763,135.14455360359497,10
4,"[17, 14, 15]",41.9694200318365,1.5728668802236665,40.396553151612835,43.54228691206016,10
5,"[1, 2, 7, 8, 9, 10, 14]",195.71367054926276,1.5728668802236665,194.1408036690391,197.28653742948643,10
5,"[8, 9, 10, 3]",120.77020823436037,1.5728668802236665,119.1973413541367,122.34307511458404,10
5,"[2, 7, 10, 13, 15]",48.589329173134864,1.5728668802236665,47.0164622929112,50.16219605335853,10
5,"[9, 15, 13, 7]",52.81258275579383,1.5728668802236665,51.23971587557016,54.38544963601749,10
5,"[2, 7, 8, 13, 15]",79.4133372231915,1.5728668802236665,77.84047034296783,80.98620410341518,10
5,"[1, 2, 3, 7, 8, 9, 10, 14, 15]",277.3603124815039,1.5728668802236665,275.78744560128024,278.9331793617276,10
5,"[2, 14, 7]",23.40545575849307,1.5728668802236665,21.8325888782694,24.978322638716737,10
5,"[1, 6, 13, 14, 15]",54.41814276168027,1.5728668802236665,52.84527588145661,55.991009641903936,10
5,"[8, 10, 14, 15]",68.78108920927984,1.5728668802236665,67.20822232905617,70.35395608950351,10
5,"[2, 9, 10, 14, 15]",94.08111483661826,1.5728668802236665,92.50824795639458,95.65398171684193,10
5,"[1, 2, 3, 8, 13, 14, 15]",194.2203565056717,1.5728668802236665,192.64748962544803,195.79322338589537,10
5,"[2, 7, 8, 10, 14, 15]",122.72464453445282,1.5728668802236665,121.15177765422915,124.29751141467649,10
5,"[2, 3, 7, 8, 9, 10, 13, 14, 15]",277.8573475094386,1.5728668802236665,276.28448062921495,279.4302143896623,10
5,"[3, 7, 9, 10, 15]",115.94567865510889,1.5728668802236665,114.37281177488522,117.51854553533256,10
5,"[8, 2, 10, 13]",48.26474371692454,1.5728668802236665,46.69187683670088,49.837610597148206,10
5,"[9, 13]",27.26549345251299,1.5728668802236665,25.692626572289324,28.83836033273666,10
5,"[1, 6, 7, 8, 10, 13]",116.13382790941182,1.5728668802236665,114.56096102918815,117.70669478963549,10
5,"[1, 2, 6, 8, 9, 10, 14]",171.27276261462626,1.5728668802236665,169.6998957344026,172.84562949484993,10
5,"[1, 3, 9, 15]",75.41684204324778,1.5728668802236665,73.84397516302411,76.98970892347145,10
5,"[1, 2, 3, 8, 15]",98.28201316319219,1.5728668802236665,96.70914628296852,99.85488004341586,10
5,"[2, 3, 6, 8, 9, 13]",116.499872904734,1.5728668802236665,114.92700602451033,118.07273978495768,10
5,"[2, 6, 7, 8, 9, 15]",147.10264371597768,1.5728668802236665,145.529776835754,148.67551059620135,10
5,"[2, 3, 13, 7]",46.30612972091747,1.5728668802236665,44.733262840693804,47.87899660114113,10
5,"[3, 7, 8, 9, 13]",153.27383818493405,1.5728668802236665,151.70097130471038,154.84670506515772,10
5,"[8, 1, 9, 15]",73.29514710863148,1.5728668802236665,71.72228022840781,74.86801398885515,10
5,"[2, 8, 9, 13, 14]",121.95984760409299,1.5728668802236665,120.38698072386931,123.53271448431666,10
5,"[3, 15, 14, 7]",53.770487685021536,1.5728668802236665,52.19762080479787,55.3433545652452,10
5,"[1, 3, 6, 7, 8, 9, 10, 13, 14, 15]",302.0170870912524,1.5728668802236665,300.4442202110287,303.58995397147606,10
5,"[1, 2, 8, 10, 13, 15]",76.28491683395072,1.5728668802236665,74.71204995372705,77.85778371417439,10
5,"[2, 3, 7, 9, 13, 15]",109.35185927790363,1.5728668802236665,107.77899239767996,110.9247261581273,10
5,"[2, 6, 7, 9, 10, 13, 14]",94.50732724424604,1.5728668802236665,92.93446036402237,96.08019412446971,10
5,"[8, 1, 2, 10]",56.068962074763476,1.5728668802236665,54.49609519453981,57.64182895498714,10
5,"[8, 2, 3, 6]",62.46248546220155,1.5728668802236665,60.889618581977885,64.03535234242521,10
5,"[1, 2, 3, 7, 9, 10, 14]",176.7898041357007,1.5728668802236665,175.21693725547703,178.36267101592438,10
5,"[1, 2, 3, 7, 9, 10, 13, 15]",225.46061007037906,1.5728668802236665,223.8877431901554,227.03347695060273,10
5,"[8, 14, 6, 7]",73.19681889244198,1.5728668802236665,71.62395201221831,74.76968577266565,10
5,"[2, 6, 7, 9, 14]",47.43696660257349,1.5728668802236665,45.86409972234983,49.009833482797156,10
5,"[1, 3, 7, 8, 9, 13, 14]",223.9197888626539,1.5728668802236665,222.34692198243022,225.49265574287756,10
5,"[1, 2, 6, 7, 10, 15]",68.61087740029652,1.5728668802236665,67.03801052007285,70.18374428052019,10
5,"[1, 2, 3, 6, 7, 9, 10, 13, 15]",237.66322561947632,1.5728668802236665,236.09035873925265,239.2360924997,10
5,"[1, 2, 3, 7, 8, 10, 13, 15]",182.46968462855583,1.5728668802236665,180.89681774833215,184.0425515087795,10
5,"[1, 2, 3, 6, 8, 9, 10, 13]",201.9371873303355,1.5728668802236665,200.36432045011182,203.51005421055916,10
5,"[1, 3, 6, 8, 13, 14]",85.31493834291226,1.5728668802236665,83.74207146268859,86.88780522313593,10
5,"[1, 6, 8, 9, 10, 13, 14, 15]",197.28929039654253,1.5728668802236665,195.71642351631886,198.8621572767662,10
5,"[6, 8, 10, 13, 14]",69.96745484350137,1.5728668802236665,68.3945879632777,71.54032172372504,10
5,"[1, 2, 3, 6, 7, 10, 14]",118.31242555181491,1.5728668802236665,116.73955867159124,119.88529243203858,10
5,"[1, 3, 14, 15]",53.46568835815045,1.5728668802236665,51.89282147792679,55.038555238374116,10
5,"[1, 2, 3, 9, 10, 14, 15]",203.8620272650591,1.5728668802236665,202.28916038483544,205.43489414528278,10
5,"[2, 3, 8, 9, 10, 15]",194.19576990341886,1.5728668802236665,192.6229030231952,195.76863678364253,10
5,"[1, 2, 3, 8, 9, 10, 13, 14]",248.25739915301966,1.5728668802236665,246.684532272796,249.83026603324333,10
5,"[1, 7, 9, 10, 15]",77.33484455809403,1.5728668802236665,75.76197767787036,78.9077114383177,10
5,"[2, 10, 6, 14]",32.7069791800062,1.5728668802236665,31.134112299782533,34.279846060229865,10
5,"[6, 8, 9, 10, 14]",108.44895169111037,1.5728668802236665,106.8760848108867,110.02181857133404,10
5,"[2, 14]",14.09802219430092,1.5728668802236665,12.525155314077255,15.670889074524586,10
5,"[1, 2, 6, 8, 9, 13]",96.73824783316478,1.5728668802236665,95.1653809529411,98.31111471338845,10
5,"[3, 6, 7, 8, 9, 13, 15]",215.5125633155479,1.5728668802236665,213.93969643532424,217.08543019577158,10
5,"[3, 6, 7, 9, 10, 13, 15]",136.6540752299524,1.5728668802236665,135.08120834972874,138.22694211017608,10
5,"[2, 3, 6, 8, 10, 13, 14]",145.2567722750694,1.5728668802236665,143.68390539484574,146.82963915529308,10
5,"[15, 13, 14, 7]",66.71690393458346,1.5728668802236665,65.14403705435979,68.28977081480713,10
5,"[1, 2, 6, 7, 8, 14]",125.03547163076323,1.5728668802236665,123.46260475053955,126.6083385109869,10
5,"[1, 2, 3, 6, 7, 8, 9, 13, 14]",249.1715339102172,1.5728668802236665,247.59866702999352,250.74440079044086,10
5,"[1, 2, 7, 8, 10, 13, 14, 15]",181.25183814704255,1.5728668802236665,179.67897126681888,182.82470502726622,10
5,"[1, 6, 7, 8, 13, 15]",113.04415805997618,1.5728668802236665,111.47129117975251,114.61702494019985,10
5,"[1, 3, 9, 7]",63.05252806697964,1.5728668802236665,61.479661186755976,64.6253949472033,10
5,"[1, 2, 3, 7, 8]",123.66063817509355,1.5728668802236665,122.08777129486988,125.23350505531722,10
5,"[1, 13, 9, 15]",50.11491352240194,1.5728668802236665,48.54204664217828,51.687780402625606,10
5,"[1, 2, 8, 13, 15]",61.99398421658623,1.5728668802236665,60.42111733636256,63.56685109680989,10
5,"[9, 10, 3, 6]",74.61202727312748,1.5728668802236665,73.03916039290381,76.18489415335115,10
5,"[2, 3, 6, 8, 10]",76.00905214373981,1.5728668802236665,74.43618526351614,77.58191902396348,10
5,"[1, 6, 8, 10, 13, 15]",66.98413338687226,1.5728668802236665,65.41126650664859,68.55700026709593,10
5,"[8, 3, 6]",44.50472413426979,1.5728668802236665,42.93185725404613,46.07759101449346,10
5,"[9, 3]",42.823466715123715,1.5728668802236665,41.25059983490005,44.39633359534738,10
5,"[8, 10, 2, 3]",71.72368831234965,1.5728668802236665,70.15082143212598,73.29655519257332,10
5,"[1, 3, 6, 10, 13, 15]",68.06075603826153,1.5728668802236665,66.48788915803786,69.6336229184852,10
5,"[1, 3, 6, 7]",50.90826698836338,1.5728668802236665,49.335400108139716,52.481133868587044,10
5,"[1, 3, 6, 8, 9, 10, 15]",181.25654676402513,1.5728668802236665,179.68367988380146,182.8294136442488,10
5,"[1, 2, 3, 6, 10, 14]",72.73455669725885,1.5728668802236665,71.16168981703518,74.30742357748252,10
5,"[9, 14, 7]",37.77850829894894,1.5728668802236665,36.20564141872528,39.35137517917261,10
5,"[10, 13, 6, 7]",43.86031792493634,1.5728668802236665,42.287451044712675,45.43318480516,10
5,"[8, 13, 6, 7]",69.89365902361848,1.5728668802236665,68.32079214339481,71.46652590384215,10
5,"[2, 6, 7, 9, 13]",51.667503107354,1.5728668802236665,50.09463622713034,53.240369987577665,10
5,"[8, 3, 6, 15]",55.46656976034107,1.5728668802236665,53.89370288011741,57.03943664056474,10
5,"[2, 3, 6, 9, 15]",94.50220256046345,1.5728668802236665,92.92933568023977,96.07506944068712,10
5,"[2, 3, 7, 10, 15]",61.248615581785906,1.5728668802236665,59.67574870156224,62.82148246200957,10
5,"[1, 2, 3, 6, 13]",56.95870445029768,1.5728668802236665,55.38583757007402,58.531571330521345,10
5,"[1, 2, 3, 7, 8, 9, 10]",219.2937044490232,1.5728668802236665,217.72083756879954,220.86657132924688,10
5,"[1, 2, 10, 14]",38.07983437311775,1.5728668802236665,36.506967492894084,39.65270125334141,10
5,"[1, 8, 9, 10, 14]",112.51541762052622,1.5728668802236665,110.94255074030255,114.0882845007499,10
5,"[1, 3, 6, 9, 14, 15]",114.87820035045706,1.5728668802236665,113.30533347023339,116.45106723068074,10
5,"[1, 6, 7, 8, 14]",105.78127102712513,1.5728668802236665,104.20840414690146,107.3541379073488,10
5,"[9, 6, 7]",33.194576621518976,1.5728668802236665,31.62170974129531,34.76744350174264,10
5,"[9, 2, 13, 14]",43.37469664838397,1.5728668802236665,41.8018297681603,44.94756352860763,10
5,"[8, 1, 3, 6]",53.17181191408464,1.5728668802236665,51.59894503386098,54.74467879430831,10
5,"[1, 2, 3, 6, 9]",90.3210666172217,1.5728668802236665,88.74819973699803,91.89393349744537,10
5,"[6, 7, 8, 9, 10, 15]",170.6977735401934,1.5728668802236665,169.12490665996972,172.27064042041707,10
5,"[2, 3, 6, 10, 13, 14, 15]",86.03543583945459,1.5728668802236665,84.46256895923092,87.60830271967826,10
5,"[2, 3, 6, 7, 14]",52.282580313686786,1.5728668802236665,50.70971343346312,53.85544719391045,10
5,"[2, 3, 6, 8, 9, 14]",150.19638202942994,1.5728668802236665,148.62351514920627,151.7692489096536,10
5,"[1, 15, 9, 14]",61.956129443647036,1.5728668802236665,60.38326256342337,63.5289963238707,10
5,"[1, 2, 8, 14, 15]",107.56707336071534,1.5728668802236665,105.99420648049167,109.13994024093901,10
5,"[3, 7, 9, 13, 14]",80.91127539335052,1.5728668802236665,79.33840851312685,82.4841422735742,10
5,"[2, 3, 6, 9, 13, 14]",82.61620342138187,1.5728668802236665,81.0433365411582,84.18907030160554,10
5,"[3, 8, 10, 13, 14, 15]",118.27248792915482,1.5728668802236665,116.69962104893115,119.84535480937849,10
5,"[1, 3, 7, 8, 15]",81.43060656023543,1.5728668802236665,79.85773968001176,83.0034734404591,10
5,"[2, 13, 7]",23.01604739287864,1.5728668802236665,21.443180512654973,24.588914273102308,10
5,"[3, 6, 7, 8, 9, 14, 15]",219.68441440405385,1.5728668802236665,218.11154752383018,221.25728128427752,10
5,"[1, 2, 6, 8, 10, 13, 14]",121.50384052257627,1.5728668802236665,119.9309736423526,123.07670740279994,10
5,"[2, 3, 6, 7, 8, 14]",151.69262257397975,1.5728668802236665,150.11975569375608,153.26548945420342,10
5,"[3, 6, 7, 13, 14, 15]",110.0316457974648,1.5728668802236665,108.45877891724113,111.60451267768848,10
5,"[1, 2, 3, 8, 9, 13, 14, 15]",241.82979686400304,1.5728668802236665,240.25692998377937,243.40266374422671,10
5,"[3, 6, 7, 10, 13, 14]",89.98554793212426,1.5728668802236665,88.41268105190059,91.55841481234793,10
5,"[2, 7, 13, 14, 15]",70.25980936421224,1.5728668802236665,68.68694248398857,71.83267624443592,10
5,"[8, 3, 14]",53.70786416168512,1.5728668802236665,52.13499728146146,55.28073104190879,10
5,"[9, 10, 3, 14]",80.46389053872508,1.5728668802236665,78.89102365850141,82.03675741894875,10
5,"[2, 3, 8, 10, 14]",104.59224267257564,1.5728668802236665,103.01937579235197,106.16510955279931,10
5,"[1, 2, 6, 14, 15]",42.14891943974281,1.5728668802236665,40.57605255951915,43.721786319966476,10
5,"[8, 9, 2, 7]",83.8872173498978,1.5728668802236665,82.31435046967412,85.46008423012147,10
5,[14],10.33991139796216,1.5728668802236665,8.767044517738494,11.912778278185826,10
5,"[9, 2, 10, 7]",48.214879040965634,1.5728668802236665,46.64201216074197,49.7877459211893,10
5,"[1, 3, 6, 7, 15]",61.43649463664601,1.5728668802236665,59.863627756422346,63.009361516869674,10
5,"[1, 2, 7, 8, 13, 15]",110.97411157357388,1.5728668802236665,109.40124469335021,112.54697845379755,10
5,"[1, 3, 9, 10, 13, 14]",100.28489486702382,1.5728668802236665,98.71202798680015,101.8577617472475,10
5,"[1, 3, 6, 9, 13, 14, 15]",153.3907580367507,1.5728668802236665,151.81789115652703,154.96362491697437,10
5,"[1, 2, 6, 7, 9, 13, 15]",102.55737793652102,1.5728668802236665,100.98451105629735,104.13024481674469,10
5,"[10, 2, 3, 13]",49.46816407913051,1.5728668802236665,47.895297198906846,51.041030959354174,10
5,"[3, 8, 9, 10, 13]",129.41352955651317,1.5728668802236665,127.8406626762895,130.98639643673684,10
5,"[2, 6, 7, 9, 10, 13]",68.91257703714278,1.5728668802236665,67.33971015691911,70.48544391736645,10
5,"[1, 2, 7, 8, 9, 15]",156.877134223922,1.5728668802236665,155.30426734369834,158.45000110414568,10
5,"[1, 3, 6, 9, 15]",79.65400843536897,1.5728668802236665,78.0811415551453,81.22687531559264,10
5,"[2, 3, 8, 9, 10, 13, 15]",203.20253408968023,1.5728668802236665,201.62966720945656,204.7754009699039,10
5,"[10, 3, 15, 7]",54.73709175191154,1.5728668802236665,53.16422487168788,56.309958632135206,10
5,"[1, 3, 7, 8, 9, 14, 15]",229.5331967930384,1.5728668802236665,227.96032991281473,231.10606367326207,10
5,"[3, 7, 8, 10, 13]",84.13642265185247,1.5728668802236665,82.5635557716288,85.70928953207614,10
5,"[10, 3, 7]",43.48259410030802,1.5728668802236665,41.909727220084356,45.055460980531684,10
5,"[9, 10, 13, 14]",57.29124234343742,1.5728668802236665,55.718375463213754,58.86410922366108,10
5,"[2, 8, 10, 13, 14]",84.96803812322938,1.5728668802236665,83.3951712430057,86.54090500345305,10
5,"[1, 3, 7, 8, 14, 15]",139.96545388012356,1.5728668802236665,138.3925869998999,141.53832076034723,10
5,"[1, 3, 7, 9, 10, 13, 14]",132.8443114830514,1.5728668802236665,131.27144460282773,134.41717836327507,10
5,"[1, 6, 7, 8, 9, 13, 14, 15]",216.65026047507595,1.5728668802236665,215.07739359485228,218.22312735529962,10
5,"[1, 10]",22.779434778243214,1.5728668802236665,21.206567898019546,24.35230165846688,10
5,"[8, 1, 2, 9]",83.22656663571226,1.5728668802236665,81.65369975548859,84.79943351593593,10
5,"[3, 6, 8, 10, 15]",69.58421801709196,1.5728668802236665,68.01135113686829,71.15708489731563,10
5,"[9, 10, 3]",70.3582508461536,1.5728668802236665,68.78538396592992,71.93111772637727,10
5,"[8, 9, 14]",63.96939981590212,1.5728668802236665,62.39653293567846,65.5422666961258,10
5,"[1, 7, 8, 9, 10, 15]",180.4771394771643,1.5728668802236665,178.90427259694061,182.05000635738796,10
5,"[1, 2, 3, 8, 9, 14]",181.03549326546297,1.5728668802236665,179.4626263852393,182.60836014568665,10
5,"[2, 13, 14, 15]",44.730279652721975,1.5728668802236665,43.15741277249831,46.30314653294564,10
5,"[8, 9, 13, 14, 15]",137.17522776328218,1.5728668802236665,135.6023608830585,138.74809464350585,10
5,"[8, 2, 14, 7]",70.86632719323808,1.5728668802236665,69.2934603130144,72.43919407346175,10
5,"[1, 2, 3, 6, 9, 13, 14]",111.66706779598485,1.5728668802236665,110.09420091576118,113.23993467620852,10
5,"[1, 2, 6, 8, 9, 10, 14, 15]",205.2914820457723,1.5728668802236665,203.71861516554864,206.86434892599598,10
5,"[2, 6, 7, 9, 10, 14]",64.93253671587868,1.5728668802236665,63.35966983565502,66.50540359610235,10
5,"[1, 3, 6, 7, 8, 9, 10, 15]",252.97762758538687,1.5728668802236665,251.4047607051632,254.55049446561054,10
5,"[1, 2, 3, 7, 13, 14, 15]",170.84961218654493,1.5728668802236665,169.27674530632126,172.4224790667686,10
5,"[1, 2, 6, 8, 9, 10, 13, 14, 15]",229.9769154898322,1.5728668802236665,228.40404860960854,231.54978237005588,10
5,"[1, 7, 9, 10, 13, 15]",93.31237714960145,1.5728668802236665,91.73951026937777,94.88524402982512,10
5,"[8, 10, 3, 7]",66.11778118815118,1.5728668802236665,64.54491430792751,67.69064806837486,10
5,"[2, 3, 7, 9, 10]",103.02516303502254,1.5728668802236665,101.45229615479887,104.59802991524622,10
5,"[1, 2, 3, 6, 7, 8, 14]",179.18371116012088,1.5728668802236665,177.6108442798972,180.75657804034455,10
5,"[1, 6, 10, 14, 15]",51.41599916376684,1.5728668802236665,49.84313228354318,52.988866043990505,10
5,"[1, 7, 9, 14, 15]",73.07019075478959,1.5728668802236665,71.49732387456592,74.64305763501326,10
5,"[1, 3, 9, 13, 14]",73.68443078160124,1.5728668802236665,72.11156390137756,75.25729766182491,10
5,"[1, 3, 6, 7, 10, 13, 14]",119.2394106093104,1.5728668802236665,117.66654372908673,120.81227748953407,10
5,"[6, 9, 13, 14, 15]",86.19407495244971,1.5728668802236665,84.62120807222604,87.76694183267338,10
5,"[10, 3, 13]",43.511748020266474,1.5728668802236665,41.93888114004281,45.08461490049014,10
5,[2],3.891261826087473,1.5728668802236665,2.3183949458638065,5.46412870631114,10
5,"[2, 3, 6, 7, 9, 10, 15]",151.05142813950306,1.5728668802236665,149.4785612592794,152.62429501972673,10
5,"[1, 2, 6, 7, 8, 10, 13, 14, 15]",195.71316629439372,1.5728668802236665,194.14029941417004,197.2860331746174,10
5,"[2, 3, 6, 7, 8, 9, 10, 13]",234.3700038053902,1.5728668802236665,232.79713692516654,235.94287068561388,10
5,"[2, 7, 8, 9, 10, 14]",167.15435117140254,1.5728668802236665,165.58148429117887,168.7272180516262,10
5,"[2, 3, 6, 7, 10, 13]",70.47797103545538,1.5728668802236665,68.90510415523171,72.05083791567905,10
5,"[2, 3, 6, 7, 8, 13]",148.0209820657245,1.5728668802236665,146.44811518550082,149.59384894594817,10
5,"[1, 6, 8, 9, 10, 15]",118.06393488779551,1.5728668802236665,116.49106800757184,119.63680176801918,10
5,"[1, 10, 3, 13]",52.49343304955814,1.5728668802236665,50.92056616933448,54.066299929781806,10
5,"[1, 10, 15, 7]",44.9524008627012,1.5728668802236665,43.37953398247753,46.52526774292486,10
5,"[8, 1, 15, 7]",60.804858023577744,1.5728668802236665,59.23199114335408,62.37772490380141,10
5,"[1, 2, 7, 9, 15]",61.366396904497854,1.5728668802236665,59.79353002427419,62.93926378472152,10
5,"[6, 7, 10, 13, 15]",55.109210798098744,1.5728668802236665,53.53634391787508,56.68207767832241,10
5,"[1, 3, 6, 9, 10, 13, 14]",105.16992387830778,1.5728668802236665,103.59705699808411,106.74279075853146,10
5,"[9, 2, 6, 14]",36.925175336989625,1.5728668802236665,35.35230845676596,38.49804221721329,10
5,"[2, 3, 8, 13, 14, 15]",165.83562102823103,1.5728668802236665,164.26275414800736,167.4084879084547,10
5,"[1, 6, 9, 13, 15]",54.39252165135631,1.5728668802236665,52.81965477113265,55.965388531579976,10
5,"[1, 2, 6, 7, 9, 10, 13]",105.66039541359626,1.5728668802236665,104.08752853337259,107.23326229381993,10
5,"[1, 2, 3, 6, 7, 8, 9, 10, 13, 14, 15]",310.7347300730127,1.5728668802236665,309.16186319278904,312.3075969532364,10
5,"[1, 2, 7, 8, 9, 10]",163.34207325389977,1.5728668802236665,161.7692063736761,164.91494013412344,10
5,"[9, 3, 6, 14]",58.001663149160116,1.5728668802236665,56.42879626893645,59.57453002938378,10
5,"[8, 9, 10, 6]",72.87601281223616,1.5728668802236665,71.30314593201248,74.44887969245983,10
5,"[2, 3, 6, 8, 14]",95.15030630253256,1.5728668802236665,93.57743942230888,96.72317318275623,10
5,"[1, 2, 6, 7, 8, 9, 15]",175.08450084505768,1.5728668802236665,173.511633964834,176.65736772528135,10
5,"[1, 2, 6, 7, 13, 15]",81.03330986395535,1.5728668802236665,79.46044298373168,82.60617674417902,10
5,"[1, 3, 6, 8, 9, 14, 15]",174.44341374814516,1.5728668802236665,172.8705468679215,176.01628062836883,10
5,"[1, 3, 6, 7, 8, 10, 13, 14, 15]",204.56923124129256,1.5728668802236665,202.99636436106888,206.14209812151623,10
5,"[2, 15, 6, 7]",29.7949500868185,1.5728668802236665,28.22208320659483,31.367816967042167,10
5,"[6, 7, 8, 9, 15]",125.88239202362097,1.5728668802236665,124.3095251433973,127.45525890384464,10
5,"[6, 7, 9, 10, 15]",72.62919431901953,1.5728668802236665,71.05632743879586,74.2020611992432,10
5,"[3, 6, 9, 10, 13]",83.60343863717472,1.5728668802236665,82.03057175695105,85.17630551739839,10
5,"[1, 6, 7, 8, 10, 13, 14]",151.28909905591559,1.5728668802236665,149.7162321756919,152.86196593613926,10
5,"[2, 3, 6, 9, 10, 13, 15]",149.61797894272615,1.5728668802236665,148.04511206250248,151.19084582294983,10
5,"[1, 2, 3, 7, 9, 13, 14, 15]",217.47955022544033,1.5728668802236665,215.90668334521666,219.052417105664,10
5,"[2, 6, 7, 8, 9, 10, 13, 14]",210.23680822576006,1.5728668802236665,208.6639413455364,211.80967510598373,10
5,"[2, 13, 6, 7]",33.46611144726221,1.5728668802236665,31.89324456703854,35.03897832748587,10
5,"[6, 7, 8, 9, 13]",121.2153675408529,1.5728668802236665,119.64250066062922,122.78823442107657,10
5,"[1, 2, 3, 7, 13, 14]",137.8442955657934,1.5728668802236665,136.27142868556973,139.41716244601707,10
5,"[1, 13, 14, 15]",49.805243813853984,1.5728668802236665,48.23237693363032,51.37811069407765,10
5,"[1, 3, 7, 8, 9, 10, 14, 15]",267.51802901161255,1.5728668802236665,265.9451621313889,269.0908958918362,10
5,"[3, 13, 6, 14]",46.72189386707483,1.5728668802236665,45.14902698685117,48.2947607472985,10
5,"[14, 15, 6, 7]",39.55457433743849,1.5728668802236665,37.981707457214824,41.12744121766215,10
5,"[3, 6, 7, 8, 13, 14, 15]",163.2823652149498,1.5728668802236665,161.70949833472613,164.85523209517348,10
5,"[9, 2, 10]",39.146221000520065,1.5728668802236665,37.5733541202964,40.71908788074373,10
5,"[3, 6, 8, 10, 13, 14, 15]",123.15114039654266,1.5728668802236665,121.57827351631899,124.72400727676633,10
5,"[8, 1, 3, 9]",86.20316703272394,1.5728668802236665,84.63030015250027,87.77603391294761,10
5,"[1, 8, 13, 14, 15]",92.59578870746655,1.5728668802236665,91.02292182724288,94.16865558769022,10
5,"[2, 6, 7, 8, 10, 13, 15]",116.68058904669809,1.5728668802236665,115.10772216647442,118.25345592692176,10
5,"[1, 6, 9, 13, 14, 15]",95.20609450294258,1.5728668802236665,93.6332276227189,96.77896138316625,10
5,"[3, 6, 7, 9, 10, 14, 15]",165.76972580813964,1.5728668802236665,164.19685892791597,167.3425926883633,10
5,"[1, 2, 3, 8, 9, 14, 15]",216.09614895301624,1.5728668802236665,214.52328207279257,217.6690158332399,10
5,"[1, 2, 7, 8, 9, 10, 13, 15]",222.0310274987026,1.5728668802236665,220.45816061847893,223.60389437892627,10
5,"[9, 10, 13, 7]",55.53906694906063,1.5728668802236665,53.96620006883697,57.1119338292843,10
5,"[2, 7, 8, 10, 13]",81.87435934543923,1.5728668802236665,80.30149246521556,83.4472262256629,10
5,"[2, 3, 6, 7, 8, 9, 13, 15]",227.8971478039062,1.5728668802236665,226.32428092368252,229.47001468412986,10
5,"[8, 13, 7]",49.65579023984041,1.5728668802236665,48.08292335961674,51.22865712006407,10
5,"[1, 2, 7, 8, 9, 14, 15]",189.016398470323,1.5728668802236665,187.44353159009933,190.58926535054667,10
5,"[1, 3, 13, 15]",49.26355474674254,1.5728668802236665,47.69068786651888,50.83642162696621,10
5,"[1, 8, 10, 14, 15]",77.23225826296746,1.5728668802236665,75.65939138274379,78.80512514319113,10
5,"[2, 3, 8, 10, 13, 14]",141.03090892948507,1.5728668802236665,139.4580420492614,142.60377580970874,10
5,"[1, 3, 6, 8, 10, 15]",77.96528659285597,1.5728668802236665,76.3924197126323,79.53815347307965,10
5,"[9, 10, 13, 6]",48.84440409346685,1.5728668802236665,47.271537213243185,50.41727097369051,10
5,"[2, 6, 8, 10, 13]",52.78108714731155,1.5728668802236665,51.20822026708789,54.35395402753522,10
5,"[1, 2, 3, 7, 13]",102.58846562224201,1.5728668802236665,101.01559874201834,104.16133250246568,10
5,[6],4.092529069915757,1.5728668802236665,2.51966218969209,5.665395950139423,10
5,"[9, 3, 13]",51.95430529124777,1.5728668802236665,50.38143841102411,53.527172171471435,10
5,"[1, 2, 3, 7, 10, 14]",94.73234966623122,1.5728668802236665,93.15948278600754,96.30521654645489,10
5,"[9, 2, 10, 14]",49.61087459741956,1.5728668802236665,48.038007717195896,51.183741477643224,10
5,"[8, 2, 14]",44.16880037673134,1.5728668802236665,42.595933496507676,45.741667256955004,10
5,"[9, 3, 15, 7]",75.54257983373036,1.5728668802236665,73.96971295350669,77.11544671395403,10
5,"[2, 3, 7, 8, 15]",98.80117849188409,1.5728668802236665,97.22831161166042,100.37404537210776,10
5,"[1, 2, 6, 7, 10]",57.31393329820162,1.5728668802236665,55.741066417977954,58.88680017842528,10
5,"[1, 9, 6, 7]",47.83179825279779,1.5728668802236665,46.258931372574125,49.40466513302145,10
5,"[8, 3, 7]",51.757659539001246,1.5728668802236665,50.18479265877758,53.33052641922491,10
5,"[1, 2, 6, 7, 8]",91.22411777976785,1.5728668802236665,89.65125089954418,92.79698465999152,10
5,"[1, 3, 6, 8, 10, 13, 14]",100.10744173936976,1.5728668802236665,98.53457485914609,101.68030861959343,10
5,"[3, 13, 7]",40.74263539607321,1.5728668802236665,39.16976851584955,42.315502276296876,10
5,"[9, 6]",22.67999818618616,1.5728668802236665,21.107131305962493,24.25286506640983,10
5,"[2, 13, 14]",25.074415208086,1.5728668802236665,23.50154832786233,26.647282088309666,10
5,"[8, 13, 14, 7]",80.3459117842971,1.5728668802236665,78.77304490407343,81.91877866452077,10
5,"[10, 3, 13, 7]",54.76372539301684,1.5728668802236665,53.19085851279318,56.336592273240505,10
5,"[2, 7, 9, 13, 14]",59.816446312066304,1.5728668802236665,58.24357943184264,61.38931319228997,10
5,"[9, 14, 6, 7]",43.645735196662784,1.5728668802236665,42.07286831643912,45.21860207688645,10
5,"[2, 6, 7, 8, 14]",94.77740691834596,1.5728668802236665,93.20454003812229,96.35027379856963,10
5,"[1, 2, 7, 8, 9, 13]",151.62973924414237,1.5728668802236665,150.0568723639187,153.20260612436604,10
5,"[1, 2, 6, 7, 8, 9, 14, 15]",203.79689303268853,1.5728668802236665,202.22402615246486,205.3697599129122,10
5,"[8, 2, 3, 13]",66.32628082224663,1.5728668802236665,64.75341394202296,67.8991477024703,10
5,"[2, 3, 6, 7, 8, 9]",168.42966912397077,1.5728668802236665,166.8568022437471,170.00253600419444,10
5,"[8, 1, 15]",39.44275752896446,1.5728668802236665,37.86989064874079,41.01562440918812,10
5,"[9, 13, 14]",39.80879983284468,1.5728668802236665,38.23593295262101,41.38166671306834,10
5,"[3, 6, 10, 13, 15]",59.27640226587173,1.5728668802236665,57.70353538564807,60.849269146095395,10
5,"[1, 3, 9, 10, 14, 15]",159.4203860442116,1.5728668802236665,157.84751916398793,160.99325292443527,10
5,"[1, 10, 3, 14]",54.20515231801595,1.5728668802236665,52.632285437792284,55.77801919823961,10
5,"[1, 2, 3, 6, 7, 8, 13, 14]",204.14764235921845,1.5728668802236665,202.57477547899478,205.72050923944212,10
5,"[10, 2, 3]",40.47855798891776,1.5728668802236665,38.90569110869409,42.05142486914142,10
5,"[7, 8, 10, 13, 14]",94.19249397412824,1.5728668802236665,92.61962709390457,95.76536085435191,10
5,"[1, 2, 6, 13, 14]",40.17468972414808,1.5728668802236665,38.60182284392442,41.747556604371745,10
5,"[8, 9, 14, 7]",95.76671014429198,1.5728668802236665,94.1938432640683,97.33957702451565,10
5,"[8, 2, 6, 15]",41.10118609933506,1.5728668802236665,39.528319219111395,42.674052979558724,10
5,"[1, 7, 9, 13, 15]",68.1576531850707,1.5728668802236665,66.58478630484703,69.73052006529437,10
5,"[1, 2, 3, 6, 7, 10]",108.06750326460636,1.5728668802236665,106.49463638438269,109.64037014483003,10
5,"[9, 2]",21.835104780446336,1.5728668802236665,20.26223790022267,23.407971660670004,10
5,"[9, 10, 14]",46.51594504795021,1.5728668802236665,44.94307816772655,48.088811928173875,10
5,"[1, 2, 3, 6, 9, 10, 13, 15]",184.03849830144935,1.5728668802236665,182.46563142122568,185.61136518167302,10
5,"[2, 3, 6, 9, 10, 14]",109.52566362325224,1.5728668802236665,107.95279674302857,111.09853050347591,10
5,"[1, 14, 7]",30.43990032581337,1.5728668802236665,28.8670334455897,32.01276720603703,10
5,"[8, 2, 3, 7]",87.53545866760234,1.5728668802236665,85.96259178737867,89.10832554782601,10
5,"[1, 2, 7, 9, 13, 15]",83.27024106058327,1.5728668802236665,81.6973741803596,84.84310794080695,10
5,"[8, 2, 3, 14]",90.25210155530854,1.5728668802236665,88.67923467508487,91.82496843553221,10
5,"[7, 9, 13, 14, 15]",117.10562575630328,1.5728668802236665,115.53275887607961,118.67849263652695,10
5,"[1, 6, 8, 13, 14, 15]",97.00090650244252,1.5728668802236665,95.42803962221885,98.57377338266619,10
5,"[1, 2, 3, 6, 7, 8, 9, 10, 14, 15]",289.11368520907536,1.5728668802236665,287.5408183288517,290.686552089299,10
5,"[9, 10, 7]",44.54746304138981,1.5728668802236665,42.97459616116615,46.120329921613475,10
5,"[1, 6, 7, 8, 9, 10, 13]",193.9290249685043,1.5728668802236665,192.35615808828064,195.50189184872798,10
5,"[1, 3, 6, 8, 9, 13, 14, 15]",212.15752170739862,1.5728668802236665,210.58465482717494,213.7303885876223,10
5,"[1, 3, 6, 8, 9, 13]",99.7196083460502,1.5728668802236665,98.14674146582652,101.29247522627387,10
5,"[3, 14]",31.514020800146362,1.5728668802236665,29.941153919922694,33.086887680370026,10
5,"[1, 2, 3, 6, 13, 14, 15]",89.129765805658,1.5728668802236665,87.55689892543433,90.70263268588167,10
5,"[1, 2, 14, 15]",37.38488770627615,1.5728668802236665,35.81202082605249,38.95775458649982,10
5,"[1, 8, 9, 14, 15]",107.90124821053516,1.5728668802236665,106.32838133031149,109.47411509075883,10
5,"[1, 9, 10, 14, 15]",99.21568774661543,1.5728668802236665,97.64282086639176,100.7885546268391,10
5,"[1, 2, 3, 6, 7, 10, 13, 14, 15]",198.8889131507854,1.5728668802236665,197.31604627056174,200.46178003100908,10
5,"[9, 2, 10, 13]",47.737511494293166,1.5728668802236665,46.1646446140695,49.31037837451683,10
5,"[3, 7, 8, 10, 15]",77.09549764893957,1.5728668802236665,75.5226307687159,78.66836452916324,10
5,"[8, 2, 13]",33.924433896549004,1.5728668802236665,32.35156701632534,35.49730077677267,10
5,"[1, 3, 6, 9, 10, 15]",120.56574747253481,1.5728668802236665,118.99288059231114,122.13861435275848,10
5,"[6, 7, 8, 9, 10, 13, 15]",199.9121581978556,1.5728668802236665,198.33929131763193,201.48502507807927,10
5,"[15, 7]",20.37711426717065,1.5728668802236665,18.804247386946983,21.94998114739432,10
5,"[1, 2, 6, 8, 13, 14]",107.4076874968159,1.5728668802236665,105.83482061659222,108.98055437703957,10
5,"[6, 15]",15.862033365216059,1.5728668802236665,14.289166484992393,17.434900245439724,10
5,"[2, 3, 6, 7, 8, 14, 15]",185.0355932870155,1.5728668802236665,183.46272640679183,186.60846016723917,10
5,"[1, 2, 3, 6, 8, 9, 10, 14, 15]",258.29377987980945,1.5728668802236665,256.7209129995858,259.8666467600331,10
5,"[2, 7, 8, 9, 10, 13, 15]",197.3768423401869,1.5728668802236665,195.80397545996323,198.94970922041057,10
5,"[2, 10, 13, 7]",37.478665086642685,1.5728668802236665,35.90579820641902,39.05153196686635,10
5,"[7, 8, 9, 10, 13]",140.23198115845938,1.5728668802236665,138.6591142782357,141.80484803868305,10
5,"[1, 3, 6, 7, 10, 15]",75.1939236079674,1.5728668802236665,73.62105672774373,76.76679048819108,10
5,"[8, 10, 6]",38.19252936156563,1.5728668802236665,36.61966248134197,39.7653962417893,10
5,"[1, 3, 10, 13, 15]",63.31817871038845,1.5728668802236665,61.74531183016479,64.89104559061212,10
5,"[2, 3, 6, 8, 10, 14, 15]",149.91911426491507,1.5728668802236665,148.3462473846914,151.49198114513874,10
5,"[1, 2, 3, 8, 13, 15]",107.5926828019266,1.5728668802236665,106.01981592170293,109.16554968215027,10
5,"[8, 15]",30.516607603794096,1.5728668802236665,28.94374072357043,32.089474484017764,10
5,"[9, 10, 6]",40.12383022893626,1.5728668802236665,38.55096334871259,41.69669710915992,10
5,"[2, 3, 6, 7, 9, 13, 14]",111.76931191004398,1.5728668802236665,110.19644502982031,113.34217879026765,10
5,"[1, 2, 3, 8, 9, 10, 13]",197.88425217441687,1.5728668802236665,196.3113852941932,199.45711905464054,10
5,"[1, 2, 3, 8, 9, 10, 14, 15]",253.90788632017058,1.5728668802236665,252.3350194399469,255.48075320039425,10
5,"[2, 3, 6, 7, 8, 9, 15]",202.90998758696327,1.5728668802236665,201.3371207067396,204.48285446718694,10
5,"[1, 2, 3, 8, 9, 13, 15]",191.52683504612182,1.5728668802236665,189.95396816589815,193.0997019263455,10
5,"[1, 7, 8, 9, 10, 13, 14]",208.42577257930708,1.5728668802236665,206.8529056990834,209.99863945953075,10
5,"[1, 7, 8, 9, 13, 14, 15]",202.28125493181827,1.5728668802236665,200.7083880515946,203.85412181204194,10
5,"[3, 6, 7, 8, 9, 15]",185.71923989569027,1.5728668802236665,184.1463730154666,187.29210677591394,10
5,"[1, 2, 9, 15]",45.923412957743004,1.5728668802236665,44.35054607751934,47.49627983796667,10
5,"[1, 2, 7, 14, 15]",52.653069321370346,1.5728668802236665,51.08020244114668,54.22593620159401,10
5,"[1, 6, 8, 10, 13, 14]",78.73810152637722,1.5728668802236665,77.16523464615355,80.31096840660089,10
5,"[3, 7, 8, 10, 14, 15]",118.55609613656638,1.5728668802236665,116.98322925634271,120.12896301679005,10
5,"[2, 6, 7, 10, 13, 14, 15]",106.98984351206539,1.5728668802236665,105.41697663184172,108.56271039228906,10
5,"[1, 3, 8, 10, 13]",71.5144835556745,1.5728668802236665,69.94161667545083,73.08735043589817,10
5,"[3, 7, 8, 13, 15]",81.35736216617072,1.5728668802236665,79.78449528594705,82.93022904639439,10
5,"[3, 7, 10, 13, 15]",65.39420743536785,1.5728668802236665,63.82134055514418,66.96707431559152,10
5,"[1, 3, 7, 8, 9, 10, 14]",236.03155837129674,1.5728668802236665,234.45869149107307,237.6044252515204,10
5,"[1, 3, 7, 8, 9, 10, 13, 15]",262.96115970985653,1.5728668802236665,261.38829282963286,264.5340265900802,10
5,"[9, 13, 14, 15]",81.94128166740852,1.5728668802236665,80.36841478718485,83.51414854763219,10
5,"[2, 8, 13, 14, 15]",107.92788370488749,1.5728668802236665,106.35501682466382,109.50075058511116,10
5,"[6, 7, 10, 13, 14, 15]",103.60563430755153,1.5728668802236665,102.03276742732785,105.1785011877752,10
5,"[1, 2, 8, 9, 10, 13, 14, 15]",225.84445871240314,1.5728668802236665,224.27159183217947,227.4173255926268,10
5,"[2, 6, 7, 9, 10, 14, 15]",108.75761866153191,1.5728668802236665,107.18475178130824,110.33048554175558,10
5,"[1, 2, 6, 7, 9, 14]",71.95531370271208,1.5728668802236665,70.3824468224884,73.52818058293575,10
5,"[8, 9, 10, 14]",103.88441017959119,1.5728668802236665,102.31154329936751,105.45727705981486,10
5,"[8, 3, 13, 6]",53.59401547820185,1.5728668802236665,52.02114859797818,55.16688235842551,10
5,"[2, 3, 6, 9, 13]",69.93168501090727,1.5728668802236665,68.3588181306836,71.50455189113094,10
5,"[8, 1, 13, 15]",48.138272541883815,1.5728668802236665,46.56540566166015,49.71113942210748,10
5,"[1, 2, 9, 13, 15]",54.78090362923329,1.5728668802236665,53.20803674900963,56.35377050945696,10
5,"[8, 1, 3, 7]",70.28436268398346,1.5728668802236665,68.71149580375979,71.85722956420713,10
5,"[1, 2, 3, 7, 9]",121.34735179648843,1.5728668802236665,119.77448491626475,122.9202186767121,10
5,"[2, 3, 7]",35.592922566638094,1.5728668802236665,34.02005568641443,37.16578944686176,10
5,"[6, 7, 8, 13, 14]",106.00240233144143,1.5728668802236665,104.42953545121776,107.5752692116651,10
5,"[2, 6, 8, 10, 13, 14, 15]",126.27094814215495,1.5728668802236665,124.69808126193128,127.84381502237862,10
5,"[1, 3, 7, 9, 14, 15]",121.16415889015188,1.5728668802236665,119.59129200992821,122.73702577037555,10
5,"[1, 6, 7, 10, 13, 15]",77.41939508929627,1.5728668802236665,75.8465282090726,78.99226196951994,10
5,"[7, 9, 10, 14, 15]",99.46291475343591,1.5728668802236665,97.89004787321224,101.03578163365958,10
5,"[1, 3, 7, 8, 10, 13, 14]",148.96888835494423,1.5728668802236665,147.39602147472056,150.5417552351679,10
5,"[2, 6, 8, 9, 13, 14]",126.37127302960255,1.5728668802236665,124.79840614937888,127.94413990982622,10
5,"[2, 3, 6, 10, 15]",56.22132350043967,1.5728668802236665,54.648456620216,57.79419038066333,10
5,"[2, 3, 7, 8, 9, 10, 15]",224.90227348187491,1.5728668802236665,223.32940660165124,226.47514036209859,10
5,"[2, 3, 7, 8, 9, 10, 13, 14]",249.17042159730963,1.5728668802236665,247.59755471708596,250.7432884775333,10
5,"[3, 6, 7, 8, 9, 13]",180.41582841772623,1.5728668802236665,178.84296153750256,181.9886952979499,10
5,"[1, 15, 6, 7]",41.11762407581569,1.5728668802236665,39.54475719559203,42.690490956039355,10
5,"[1, 2, 3, 6, 8, 14]",131.5078252163123,1.5728668802236665,129.93495833608864,133.08069209653598,10
5,"[2, 3, 8, 9, 13]",111.78045909193531,1.5728668802236665,110.20759221171164,113.35332597215898,10
5,"[3, 13, 6, 7]",50.464966856450324,1.5728668802236665,48.89209997622666,52.03783373667399,10
5,"[3, 6, 7, 8, 9, 10, 13, 14]",251.69339875070327,1.5728668802236665,250.1205318704796,253.26626563092694,10
5,"[3, 6, 7, 9, 10]",85.11930464607742,1.5728668802236665,83.54643776585375,86.6921715263011,10
5,"[1, 3, 6, 7, 8, 13, 15]",133.39226400234838,1.5728668802236665,131.8193971221247,134.96513088257205,10
5,"[1, 7, 8, 10, 13, 15]",102.35217393738023,1.5728668802236665,100.77930705715656,103.9250408176039,10
5,"[2, 3, 8, 9, 13, 15]",155.3675169935199,1.5728668802236665,153.79465011329623,156.94038387374357,10
5,"[8, 9, 13, 7]",92.39280480200804,1.5728668802236665,90.81993792178437,93.96567168223172,10
5,"[6, 9, 10, 14, 15]",94.93926907051608,1.5728668802236665,93.3664021902924,96.51213595073975,10
5,"[8, 1, 6, 9]",54.91736178175044,1.5728668802236665,53.34449490152677,56.4902286619741,10
5,"[1, 15, 14, 7]",44.350278617388255,1.5728668802236665,42.77741173716459,45.92314549761192,10
5,"[15, 13, 6, 14]",45.50186053815304,1.5728668802236665,43.928993657929375,47.0747274183767,10
5,"[2, 3, 6, 7, 13, 14]",82.48772377368712,1.5728668802236665,80.91485689346345,84.0605906539108,10
5,"[1, 3, 6, 7, 8, 9, 15]",215.2176273101045,1.5728668802236665,213.64476042988082,216.79049419032816,10
5,"[3, 6, 7, 8, 9, 10]",191.9871748311628,1.5728668802236665,190.41430795093913,193.56004171138648,10
5,"[1, 3, 7, 8, 9, 10]",201.59009075005295,1.5728668802236665,200.01722386982928,203.16295763027662,10
5,"[1, 8, 9, 10, 13, 15]",122.7687630783118,1.5728668802236665,121.19589619808814,124.34162995853548,10
5,"[2, 6, 7, 10, 14]",43.33565552888429,1.5728668802236665,41.762788648660624,44.90852240910795,10
5,"[14, 6, 7]",25.600752637777667,1.5728668802236665,24.027885757554,27.173619518001335,10
5,"[2, 10, 14, 7]",37.16632706603253,1.5728668802236665,35.593460185808866,38.739193946256194,10
5,"[7, 8, 9, 10, 14]",143.79529316640995,1.5728668802236665,142.22242628618628,145.36816004663362,10
5,"[8, 9, 2]",54.49000233962609,1.5728668802236665,52.917135459402424,56.06286921984975,10
5,"[1, 2, 6, 9, 10, 13, 14]",75.34202669077926,1.5728668802236665,73.76915981055559,76.91489357100293,10
5,"[1, 3, 6, 9, 14]",66.77223746996597,1.5728668802236665,65.1993705897423,68.34510435018964,10
5,"[2, 6, 9, 13, 14, 15]",89.62921953526686,1.5728668802236665,88.05635265504318,91.20208641549053,10
5,"[10, 3, 14, 7]",54.886404443754415,1.5728668802236665,53.31353756353075,56.45927132397808,10
5,"[3, 6, 8, 13, 15]",64.49858735640584,1.5728668802236665,62.92572047618217,66.0714542366295,10
5,"[3, 7, 8, 9, 10, 14]",205.7068524397293,1.5728668802236665,204.13398555950562,207.27971931995296,10
5,"[1, 2, 3, 6, 10, 13, 15]",82.30666170254781,1.5728668802236665,80.73379482232414,83.87952858277148,10
5,"[1, 3, 6, 9, 10, 13]",92.46894945490249,1.5728668802236665,90.89608257467881,94.04181633512616,10
5,"[1, 6, 7, 10, 13, 14, 15]",132.65574676231535,1.5728668802236665,131.08287988209167,134.22861364253902,10
5,"[3, 6, 8, 10, 14, 15]",93.7556022137073,1.5728668802236665,92.18273533348363,95.32846909393098,10
5,"[1, 9, 10, 13, 14]",65.89453257782154,1.5728668802236665,64.32166569759787,67.46739945804521,10
5,"[2, 3, 7, 13, 14]",64.90182665995005,1.5728668802236665,63.32895977972638,66.47469354017372,10
5,"[1, 2, 3, 6, 7, 8, 13, 14, 15]",232.03930494779587,1.5728668802236665,230.4664380675722,233.61217182801954,10
5,"[1, 2, 6, 7, 8, 13, 15]",132.40143470821354,1.5728668802236665,130.82856782798987,133.9743015884372,10
5,"[2, 3, 6, 8, 10, 15]",87.54183260941433,1.5728668802236665,85.96896572919066,89.114699489638,10
5,"[1, 6, 9, 10, 13, 14, 15]",139.9439680368915,1.5728668802236665,138.37110115666783,141.51683491711518,10
5,"[1, 9, 10, 13, 14, 15]",135.5372989629312,1.5728668802236665,133.96443208270753,137.11016584315487,10
5,"[1, 7, 8, 9, 14, 15]",173.25896605232472,1.5728668802236665,171.68609917210105,174.8318329325484,10
5,"[3, 13, 14, 7]",58.71067729652226,1.5728668802236665,57.1378104162986,60.28354417674593,10
5,"[3, 6, 7, 9, 10, 14]",95.83851694310998,1.5728668802236665,94.26565006288631,97.41138382333365,10
5,"[1, 3, 6, 8, 9, 10, 14, 15]",223.7140320232708,1.5728668802236665,222.14116514304712,225.28689890349446,10
5,"[3, 6, 8, 10, 14]",72.54428487069305,1.5728668802236665,70.97141799046938,74.11715175091672,10
5,"[2, 6, 7, 8, 9, 13]",141.9761439252864,1.5728668802236665,140.40327704506274,143.54901080551008,10
5,"[9, 10, 6, 15]",62.19918679632648,1.5728668802236665,60.626319916102815,63.772053676550144,10
5,"[2, 6, 8, 10, 15]",54.89508563494854,1.5728668802236665,53.32221875472488,56.46795251517221,10
5,"[1, 2, 3, 6, 7, 8, 9]",197.38519200584295,1.5728668802236665,195.81232512561928,198.95805888606662,10
5,"[9, 2, 15]",35.86642191216829,1.5728668802236665,34.29355503194463,37.439288792391956,10
5,"[1, 2, 3, 7, 8, 9]",178.42912919737827,1.5728668802236665,176.8562623171546,180.00199607760194,10
5,"[1, 2, 3, 9, 10, 13]",140.06026913056226,1.5728668802236665,138.4874022503386,141.63313601078593,10
5,"[8, 2, 10, 15]",50.151089943405665,1.5728668802236665,48.578223063182,51.72395682362933,10
5,"[2, 7, 8, 9, 10]",129.1885554365328,1.5728668802236665,127.61568855630912,130.76142231675647,10
5,"[2, 3, 8, 10, 14, 15]",145.09847355643217,1.5728668802236665,143.5256066762085,146.67134043665584,10
5,"[2, 3, 14]",37.18085981027733,1.5728668802236665,35.60799293005367,38.753726690501,10
5,"[1, 2, 7, 8, 14, 15]",139.7413706766958,1.5728668802236665,138.16850379647212,141.31423755691947,10
5,"[8, 1, 3, 14]",62.596030388624584,1.5728668802236665,61.02316350840092,64.16889726884826,10
5,"[1, 2, 3, 9, 14]",96.02402379986634,1.5728668802236665,94.45115691964267,97.59689068009001,10
5,"[1, 2, 3, 7, 8, 9, 13, 14, 15]",265.5112709708902,1.5728668802236665,263.93840409066655,267.0841378511139,10
5,"[1, 2, 3, 6, 7, 13, 14, 15]",184.6782759125495,1.5728668802236665,183.10540903232584,186.25114279277318,10
5,"[9, 3, 13, 15]",75.41272968509965,1.5728668802236665,73.83986280487598,76.98559656532332,10
5,"[2, 3, 8, 13, 15]",77.77144457767606,1.5728668802236665,76.1985776974524,79.34431145789974,10
5,"[8, 1, 2, 7]",67.93198844215966,1.5728668802236665,66.35912156193599,69.50485532238334,10
5,"[8, 9, 10, 7]",101.3548405682121,1.5728668802236665,99.78197368798843,102.92770744843577,10
5,"[8, 2, 13, 6]",38.469892807589495,1.5728668802236665,36.89702592736583,40.04275968781316,10
5,"[1, 9]",26.896131667420548,1.5728668802236665,25.32326478719688,28.468998547644215,10
5,"[1, 2, 7, 13, 14, 15]",116.4968292089261,1.5728668802236665,114.92396232870243,118.06969608914977,10
5,"[1, 2, 7, 10, 13, 14]",96.69498348130004,1.5728668802236665,95.12211660107637,98.26785036152371,10
5,"[3, 8, 13, 14, 15]",104.40381366521402,1.5728668802236665,102.83094678499035,105.97668054543769,10
5,"[8, 1, 6, 15]",43.809657337982415,1.5728668802236665,42.23679045775875,45.38252421820608,10
5,"[1, 2, 6, 9, 15]",50.73555421715896,1.5728668802236665,49.1626873369353,52.30842109738263,10
5,"[1, 3, 7, 8, 9, 15]",195.49207896694583,1.5728668802236665,193.91921208672215,197.0649458471695,10
5,"[8, 1, 13]",37.078607574365165,1.5728668802236665,35.5057406941415,38.65147445458883,10
5,"[1, 10, 13, 9]",53.353741411046805,1.5728668802236665,51.78087453082314,54.92660829127047,10
5,"[1, 2, 8, 10, 13]",64.93165028001144,1.5728668802236665,63.358783399787775,66.50451716023511,10
5,"[1, 2, 3, 9, 14, 15]",163.23496223900284,1.5728668802236665,161.66209535877917,164.8078291192265,10
5,"[3, 6, 7, 10, 13, 14, 15]",123.89897758291004,1.5728668802236665,122.32611070268636,125.4718444631337,10
5,"[1, 2, 6, 9, 13, 14, 15]",100.00375810178899,1.5728668802236665,98.43089122156532,101.57662498201266,10
5,"[1, 10, 15]",33.862965753257036,1.5728668802236665,32.29009887303337,35.4358326334807,10
5,"[1, 2, 9, 10, 13, 14]",70.899279583659,1.5728668802236665,69.32641270343532,72.47214646388267,10
5,"[1, 3, 8, 13, 14]",80.75821383688988,1.5728668802236665,79.18534695666621,82.33108071711355,10
5,"[1, 7, 8, 14, 15]",118.86885470310445,1.5728668802236665,117.29598782288078,120.44172158332812,10
5,"[6, 7, 8, 9, 13, 14]",157.8841605653592,1.5728668802236665,156.31129368513552,159.45702744558287,10
5,"[1, 3, 7, 14, 15]",64.65985096181282,1.5728668802236665,63.08698408158916,66.2327178420365,10
5,"[1, 3, 7, 9, 10, 13, 14, 15]",242.5539829002856,1.5728668802236665,240.98111602006193,244.12684978050927,10
5,"[1, 3, 6, 14, 15]",58.16068705839226,1.5728668802236665,56.5878201781686,59.73355393861593,10
5,"[1, 2, 3, 7, 14, 15]",94.63497475679343,1.5728668802236665,93.06210787656975,96.2078416370171,10
5,"[1, 6]",13.060399589415912,1.5728668802236665,11.487532709192246,14.633266469639578,10
5,"[3, 7, 13, 14, 15]",87.3945528169153,1.5728668802236665,85.82168593669162,88.96741969713896,10
5,"[2, 6, 7, 8, 9, 13, 14]",173.66240515035074,1.5728668802236665,172.08953827012706,175.2352720305744,10
5,"[2, 3, 6, 8, 9, 14, 15]",191.19041089423192,1.5728668802236665,189.61754401400825,192.7632777744556,10
5,"[10, 2, 3, 6]",45.124278284051876,1.5728668802236665,43.55141140382821,46.69714516427554,10
5,"[3, 6, 8, 9, 10]",125.20669076966317,1.5728668802236665,123.6338238894395,126.77955764988684,10
5,"[1, 6, 7, 8, 10, 14, 15]",156.08693804897746,1.5728668802236665,154.5140711687538,157.65980492920113,10
5,"[2, 6, 7, 8, 9, 14, 15]",179.4723383153542,1.5728668802236665,177.89947143513052,181.04520519557786,10
5,"[2, 6, 7, 8, 9, 10, 13, 15]",212.03764746790338,1.5728668802236665,210.4647805876797,213.61051434812705,10
5,"[1, 2, 3, 6, 8, 10, 15]",116.85100685993238,1.5728668802236665,115.27813997970871,118.42387374015605,10
5,"[2, 8, 10, 13, 14, 15]",121.7190726171053,1.5728668802236665,120.14620573688163,123.29193949732897,10
5,"[2, 3, 6, 7, 8, 10, 13, 14]",193.78529539408976,1.5728668802236665,192.2124285138661,195.35816227431343,10
5,"[1, 2, 3, 7, 8, 10, 14]",175.12539338630975,1.5728668802236665,173.55252650608608,176.69826026653342,10
5,"[1, 3, 8, 14, 15]",83.9396682971593,1.5728668802236665,82.36680141693563,85.51253517738297,10
5,"[1, 2, 6, 7, 8, 9, 13]",169.3436062045326,1.5728668802236665,167.77073932430892,170.91647308475626,10
5,"[1, 2, 10, 13, 15]",47.43909398695608,1.5728668802236665,45.86622710673242,49.011960867179745,10
5,"[8, 1, 2, 6]",46.60724625439471,1.5728668802236665,45.034379374171046,48.180113134618374,10
5,"[2, 3, 6, 7, 10, 13, 15]",81.89368489479531,1.5728668802236665,80.32081801457164,83.46655177501898,10
5,"[1, 3, 6, 9, 10, 14, 15]",163.7367074797741,1.5728668802236665,162.16384059955044,165.30957435999778,10
5,"[3, 7, 8, 9, 10, 13, 15]",237.83125262406438,1.5728668802236665,236.2583857438407,239.40411950428805,10
5,"[14, 15]",24.234666073799183,1.5728668802236665,22.661799193575515,25.80753295402285,10
5,"[2, 3, 6, 7, 10, 15]",67.0343702334199,1.5728668802236665,65.46150335319624,68.60723711364358,10
5,"[1, 2, 6, 9, 10, 15]",75.89150406712893,1.5728668802236665,74.31863718690526,77.4643709473526,10
5,"[9, 10, 15, 7]",66.67082875038707,1.5728668802236665,65.0979618701634,68.24369563061074,10
5,"[2, 7, 8, 10, 15]",67.87358776378726,1.5728668802236665,66.30072088356359,69.44645464401093,10
5,"[3, 6, 7, 9, 13]",72.83977925915866,1.5728668802236665,71.26691237893499,74.41264613938233,10
5,"[1, 3, 9, 10, 14]",89.60542356301052,1.5728668802236665,88.03255668278685,91.17829044323419,10
5,"[1, 3, 6, 7, 8, 10, 13, 15]",148.129047015059,1.5728668802236665,146.55618013483533,149.70191389528267,10
5,"[8, 13, 6, 14]",56.21074620591613,1.5728668802236665,54.63787932569247,57.783613086139795,10
5,"[2, 6, 9, 13, 14]",47.53276253421117,1.5728668802236665,45.95989565398751,49.10562941443484,10
5,"[1, 9, 7]",38.293777519060086,1.5728668802236665,36.72091063883642,39.86664439928375,10
5,"[7, 8, 9, 10, 13, 14]",179.5590697597783,1.5728668802236665,177.98620287955464,181.13193664000198,10
5,"[1, 6, 8, 9, 14, 15]",112.41831415416326,1.5728668802236665,110.84544727393958,113.99118103438693,10
5,"[1, 2, 6, 10, 13, 15]",52.35005540125191,1.5728668802236665,50.77718852102824,53.92292228147557,10
5,"[8, 2, 6]",29.816989810520017,1.5728668802236665,28.24412293029635,31.389856690743684,10
5,"[9, 2, 10, 6]",43.590743379632116,1.5728668802236665,42.01787649940845,45.16361025985578,10
5,"[1, 2, 3, 6, 7, 8, 9, 14]",226.40547313153465,1.5728668802236665,224.83260625131098,227.97834001175832,10
5,"[1, 3, 7, 8, 10, 13, 14, 15]",186.597937558491,1.5728668802236665,185.02507067826733,188.17080443871467,10
5,"[8, 1, 10, 9]",77.0899866928921,1.5728668802236665,75.51711981266843,78.66285357311577,10
5,"[1, 2]",13.524755598751259,1.5728668802236665,11.951888718527593,15.097622478974925,10
5,"[1, 3, 6, 7, 8, 14]",126.36051455554079,1.5728668802236665,124.78764767531712,127.93338143576446,10
5,"[6, 7, 8, 10, 14]",86.93274125469803,1.5728668802236665,85.35987437447436,88.5056081349217,10
5,"[1, 2, 3, 6, 8, 13, 15]",111.94867512403746,1.5728668802236665,110.3758082438138,113.52154200426114,10
5,"[10, 3, 6, 14]",49.601614549677905,1.5728668802236665,48.02874766945424,51.17448142990157,10
5,"[1, 2, 3, 6, 8, 10, 14, 15]",184.35549576818343,1.5728668802236665,182.78262888795976,185.9283626484071,10
5,"[3, 6, 9, 13, 14]",69.20715791782888,1.5728668802236665,67.63429103760521,70.78002479805255,10
5,"[1, 3, 7, 8, 10, 15]",95.3531909688505,1.5728668802236665,93.78032408862683,96.92605784907417,10
5,"[1, 6, 7, 9, 10, 13]",87.68542216624873,1.5728668802236665,86.11255528602506,89.2582890464724,10
5,"[8, 9, 10]",68.58834312700769,1.5728668802236665,67.01547624678402,70.16121000723136,10
5,"[1, 6, 7, 8, 9, 10, 14]",198.43855348209513,1.5728668802236665,196.86568660187146,200.0114203623188,10
5,"[1, 6, 7, 9, 14]",58.475690361471855,1.5728668802236665,56.90282348124819,60.04855724169552,10
5,"[1, 2, 6, 9, 10, 14, 15]",108.40524654285096,1.5728668802236665,106.83237966262729,109.97811342307463,10
5,"[8, 9, 13, 6]",54.97606630544394,1.5728668802236665,53.40319942522028,56.54893318566761,10
5,"[1, 2, 3, 6, 8, 9, 10]",193.29270774327802,1.5728668802236665,191.71984086305434,194.8655746235017,10
5,"[9, 10, 13]",44.33508605554384,1.5728668802236665,42.762219175320176,45.907952935767504,10
5,"[1, 7, 9, 13, 14, 15]",149.4694333465971,1.5728668802236665,147.89656646637343,151.04230022682077,10
5,"[1, 3, 6, 7, 8, 9, 14, 15]",244.7418485146351,1.5728668802236665,243.16898163441144,246.31471539485878,10
5,"[1, 3, 6, 7, 8, 9, 13]",209.80654311659868,1.5728668802236665,208.233676236375,211.37940999682235,10
5,"[9, 13, 15]",41.48073653574982,1.5728668802236665,39.907869655526156,43.053603415973484,10
5,"[8, 1, 10, 3]",62.83171526596824,1.5728668802236665,61.25884838574458,64.40458214619191,10
5,"[1, 2, 3, 9, 10]",130.9551844196298,1.5728668802236665,129.38231753940613,132.52805129985347,10
5,"[1, 2, 3, 9, 10, 13, 14, 15]",228.78563034303215,1.5728668802236665,227.21276346280848,230.35849722325582,10
5,"[1, 2, 3, 6, 7]",93.83772675063264,1.5728668802236665,92.26485987040897,95.41059363085631,10
5,"[2, 3, 10, 13, 14]",61.95203889576685,1.5728668802236665,60.37917201554318,63.52490577599051,10
5,"[3, 13, 14]",42.06972518791146,1.5728668802236665,40.496858307687795,43.64259206813512,10
5,"[1, 3, 8, 10, 13, 15]",82.92373843933133,1.5728668802236665,81.35087155910766,84.496605319555,10
5,"[3, 6, 7, 8, 14, 15]",130.87402392938552,1.5728668802236665,129.30115704916184,132.4468908096092,10
5,"[9, 3, 14, 15]",101.34334433646542,1.5728668802236665,99.77047745624175,102.91621121668909,10
5,"[2, 3, 8, 14, 15]",131.70060723298485,1.5728668802236665,130.12774035276118,133.27347411320852,10
5,"[15, 13, 7]",31.299329189026913,1.5728668802236665,29.726462308803246,32.87219606925058,10
5,"[1, 6, 8, 13, 15]",52.49229814629693,1.5728668802236665,50.91943126607327,54.065165026520596,10
5,"[8, 2, 7]",42.528859719693344,1.5728668802236665,40.95599283946968,44.10172659991701,10
5,"[3, 6, 7, 8, 9, 13, 14]",213.90702998664102,1.5728668802236665,212.33416310641735,215.4798968668647,10
5,"[9, 2, 15, 7]",45.45177541505687,1.5728668802236665,43.87890853483321,47.024642295280536,10
5,"[6, 8, 9, 10, 13, 14]",147.324736416104,1.5728668802236665,145.75186953588033,148.89760329632767,10
5,"[2, 7, 8, 9, 13]",119.10696358343189,1.5728668802236665,117.53409670320822,120.67983046365556,10
5,"[2, 3, 7, 8, 9, 10, 14, 15]",254.6959308500123,1.5728668802236665,253.12306396978863,256.268797730236,10
5,"[9, 2, 13]",30.455704848932612,1.5728668802236665,28.882837968708944,32.028571729156276,10
5,"[2, 3, 7, 8, 9, 13, 15]",212.9915493931525,1.5728668802236665,211.41868251292883,214.56441627337617,10
5,"[1, 13, 9, 14]",48.691613477956395,1.5728668802236665,47.11874659773273,50.26448035818006,10
5,"[1, 2, 8, 13, 14]",102.88082648313232,1.5728668802236665,101.30795960290865,104.453693363356,10
5,"[1, 2, 3, 6, 7, 9, 13, 14]",201.34690696381068,1.5728668802236665,199.774040083587,202.91977384403435,10
5,"[2, 3, 6, 7, 9, 15]",104.88195449721778,1.5728668802236665,103.3090876169941,106.45482137744145,10
5,"[3, 9, 10, 14, 15]",150.29931773986698,1.5728668802236665,148.7264508596433,151.87218462009065,10
5,"[2, 3, 6, 8, 10, 13]",85.21936535146172,1.5728668802236665,83.64649847123805,86.79223223168539,10
5,"[1, 3, 7, 9, 10, 14, 15]",170.5111077167632,1.5728668802236665,168.93824083653953,172.08397459698688,10
5,"[8, 9, 2, 10]",91.87932971110209,1.5728668802236665,90.30646283087842,93.45219659132576,10
5,"[1, 2, 3, 7, 8, 10]",137.78019340935901,1.5728668802236665,136.20732652913534,139.3530602895827,10
5,"[1, 3, 7, 10, 13, 14]",97.28577549979768,1.5728668802236665,95.71290861957401,98.85864238002135,10
5,"[2, 3, 7, 10, 14]",60.489458427757235,1.5728668802236665,58.91659154753357,62.0623253079809,10
5,"[8, 13, 14]",51.64895598771468,1.5728668802236665,50.076089107491015,53.22182286793834,10
5,"[1, 3, 7, 13, 14, 15]",118.78563286254021,1.5728668802236665,117.21276598231654,120.35849974276388,10
5,"[1, 6, 7, 8, 15]",80.99237671952932,1.5728668802236665,79.41950983930565,82.56524359975299,10
5,"[1, 2, 3, 6, 8, 10, 13, 15]",125.92181570091095,1.5728668802236665,124.34894882068728,127.49468258113463,10
5,"[2, 3, 6, 7, 8, 9, 10, 14, 15]",267.2945714756168,1.5728668802236665,265.72170459539313,268.8674383558405,10
5,"[9, 2, 13, 15]",44.6432862307726,1.5728668802236665,43.07041935054894,46.21615311099627,10
5,"[1, 10, 6, 15]",38.551594123823044,1.5728668802236665,36.97872724359938,40.12446100404671,10
5,"[6, 7, 8, 9, 10, 14]",169.4249354581271,1.5728668802236665,167.85206857790342,170.99780233835077,10
5,"[10, 2, 3, 7]",49.70226843838939,1.5728668802236665,48.129401558165725,51.27513531861305,10
5,"[3, 7, 8, 9, 10]",163.57772687189515,1.5728668802236665,162.00485999167148,165.15059375211882,10
5,"[2, 3, 6, 9, 13, 15]",102.9564483737181,1.5728668802236665,101.38358149349443,104.52931525394177,10
5,"[1, 7]",19.71235591602522,1.5728668802236665,18.139489035801553,21.28522279624889,10
5,"[2, 6, 7, 8, 13, 14, 15]",157.62775405557676,1.5728668802236665,156.0548871753531,159.20062093580043,10
5,"[3, 6, 7, 8, 9, 10, 15]",227.55984538886588,1.5728668802236665,225.9869785086422,229.13271226908955,10
5,"[1, 6, 8, 9, 13, 15]",87.08967867354798,1.5728668802236665,85.51681179332431,88.66254555377165,10
5,"[1, 2, 3, 7, 8, 9, 10, 13, 14, 15]",300.0042250060693,1.5728668802236665,298.43135812584563,301.577091886293,10
5,"[1, 2, 7, 8, 9, 10, 14, 15]",226.1869926437916,1.5728668802236665,224.61412576356793,227.75985952401527,10
5,"[2, 3, 9, 10, 13, 14]",115.64361479149602,1.5728668802236665,114.07074791127235,117.21648167171969,10
5,"[8, 13]",28.70791434651781,1.5728668802236665,27.135047466294143,30.280781226741478,10
5,[15],11.472123711440194,1.5728668802236665,9.899256831216528,13.04499059166386,10
5,"[8, 10, 13, 6]",46.51928419820137,1.5728668802236665,44.946417317977705,48.09215107842503,10
5,"[2, 6, 9, 10, 13]",52.50184605292627,1.5728668802236665,50.928979172702604,54.07471293314993,10
5,"[2, 6, 8, 10, 14, 15]",93.30811571419254,1.5728668802236665,91.73524883396887,94.88098259441621,10
5,"[2, 3, 6, 8, 9, 10, 13, 14, 15]",258.54750782345,1.5728668802236665,256.97464094322635,260.1203747036737,10
5,"[1, 8, 9, 13, 14, 15]",146.2656805219577,1.5728668802236665,144.69281364173403,147.83854740218138,10
5,"[2, 6, 7, 8, 10, 14, 15]",144.6410428429806,1.5728668802236665,143.06817596275692,146.21390972320427,10
5,"[1, 7, 13, 14, 15]",98.34271420368528,1.5728668802236665,96.7698473234616,99.91558108390895,10
5,"[1, 2, 6, 13, 14, 15]",58.690570056413456,1.5728668802236665,57.11770317618979,60.26343693663712,10
5,"[1, 7, 10, 13, 15]",61.028663152648356,1.5728668802236665,59.45579627242469,62.60153003287202,10
5,"[9, 13, 6, 15]",45.452033437654656,1.5728668802236665,43.87916655743099,47.02490031787832,10
5,"[2, 6, 8, 13, 15]",49.748299364579815,1.5728668802236665,48.17543248435615,51.32116624480348,10
5,"[1, 3, 6, 7, 13, 15]",84.28165001924249,1.5728668802236665,82.70878313901882,85.85451689946616,10
5,"[10, 6, 7]",29.34090991087727,1.5728668802236665,27.7680430306536,30.913776791100936,10
5,"[2, 3, 7, 9, 10, 13, 14, 15]",229.91950956458263,1.5728668802236665,228.34664268435895,231.4923764448063,10
5,"[1, 2, 3, 7, 9, 10]",165.92802739703626,1.5728668802236665,164.3551605168126,167.50089427725993,10
5,"[1, 10, 3, 9]",78.7711842558753,1.5728668802236665,77.19831737565163,80.34405113609897,10
5,"[1, 2, 3, 8, 10]",101.26279178655041,1.5728668802236665,99.68992490632674,102.83565866677408,10
5,"[1, 2, 3, 7, 8, 10, 13]",171.09706714702267,1.5728668802236665,169.524200266799,172.66993402724634,10
5,"[3, 6, 7, 10, 14]",60.486392249563494,1.5728668802236665,58.91352536933983,62.05925912978716,10
5,"[1, 3, 7, 8, 9, 13, 14, 15]",255.0635496838376,1.5728668802236665,253.49068280361394,256.6364165640613,10
5,"[1, 10, 14, 15]",47.16544099461627,1.5728668802236665,45.592574114392605,48.73830787483993,10
5,"[1, 3, 6, 9, 13, 15]",88.49414371550854,1.5728668802236665,86.92127683528487,90.06701059573221,10
5,"[1, 3, 7, 9, 15]",86.18718266427149,1.5728668802236665,84.61431578404782,87.76004954449516,10
5,"[2, 3, 6, 7, 8, 9, 10, 13, 14, 15]",289.46402749274625,1.5728668802236665,287.8911606125226,291.0368943729699,10
5,"[2, 3, 7, 8, 9, 15]",182.9656922393203,1.5728668802236665,181.39282535909663,184.53855911954398,10
5,"[1, 2, 8, 9, 10, 13, 15]",176.62501128879518,1.5728668802236665,175.0521444085715,178.19787816901885,10
5,"[1, 3, 7, 9, 13]",78.67094448378366,1.5728668802236665,77.09807760355999,80.24381136400733,10
5,"[1, 10, 13, 14]",44.520940238581545,1.5728668802236665,42.94807335835788,46.09380711880521,10
5,"[8, 10, 6, 7]",57.89905170961181,1.5728668802236665,56.32618482938815,59.471918589835475,10
5,"[8, 1, 13, 14]",60.51204563029353,1.5728668802236665,58.939178750069864,62.08491251051719,10
5,"[1, 2, 9, 13, 14]",53.2957725891608,1.5728668802236665,51.722905708937134,54.86863946938446,10
5,"[2, 6, 7, 9, 10]",54.10404319301212,1.5728668802236665,52.53117631278845,55.67691007323578,10
5,"[1, 2, 3, 7, 8, 13, 14, 15]",220.06464759705523,1.5728668802236665,218.49178071683156,221.6375144772789,10
5,"[1, 3, 8, 10, 15]",74.19396857348208,1.5728668802236665,72.62110169325841,75.76683545370575,10
5,"[8, 9, 2, 6]",58.89521132616303,1.5728668802236665,57.322344445939365,60.46807820638669,10
5,"[1, 3, 6, 8, 9, 10, 13]",142.6539577321576,1.5728668802236665,141.08109085193394,144.22682461238128,10
5,"[1, 2, 6, 7, 14, 15]",67.62158156342261,1.5728668802236665,66.04871468319894,69.19444844364628,10
5,"[1, 2, 3, 6, 7, 9, 13, 14, 15]",229.63189554654622,1.5728668802236665,228.05902866632255,231.2047624267699,10
5,"[1, 6, 8, 10, 14, 15]",82.05755397478727,1.5728668802236665,80.4846870945636,83.63042085501094,10
5,"[1, 3, 6, 8, 9, 10, 13, 14, 15]",254.42620526014647,1.5728668802236665,252.8533383799228,255.99907214037015,10
5,"[9, 10]",35.781993017916776,1.5728668802236665,34.20912613769311,37.35485989814044,10
5,"[1, 2, 7, 13, 14]",82.47628493185982,1.5728668802236665,80.90341805163615,84.0491518120835,10
5,"[1, 2, 7, 8, 10, 13, 14]",149.04600467225606,1.5728668802236665,147.4731377920324,150.61887155247973,10
5,"[8, 3, 14, 7]",72.7949665751162,1.5728668802236665,71.22209969489253,74.36783345533988,10
5,"[2, 3, 7, 9, 14]",75.99131325298582,1.5728668802236665,74.41844637276215,77.56418013320949,10
5,"[1, 2, 3, 7, 10, 13, 15]",128.14147116429436,1.5728668802236665,126.56860428407069,129.71433804451803,10
5,"[3, 8, 9, 13, 14, 15]",198.8779346284705,0.3682369320823823,198.50969769638814,199.24617156055288,100
5,"[3, 9, 10, 13, 14, 15]",186.95984546582795,1.5728668802236665,185.38697858560428,188.53271234605162,10
5,"[1, 2, 7, 9, 10, 13, 14]",118.47157256855333,1.5728668802236665,116.89870568832966,120.044439448777,10
5,"[1, 3, 9, 13, 15]",84.08833248242573,1.5728668802236665,82.51546560220206,85.6611993626494,10
5,"[2, 3, 6, 7, 9, 10, 13, 15]",165.94267450174326,1.5728668802236665,164.36980762151958,167.51554138196693,10
5,"[8, 9, 3, 14]",114.72042841950538,1.5728668802236665,113.14756153928171,116.29329529972905,10
5,"[2, 3, 6, 7, 9, 10, 14]",119.73386250262233,1.5728668802236665,118.16099562239866,121.306729382846,10
5,"[1, 3, 8, 9, 10, 13, 14, 15]",249.89424618499834,1.5728668802236665,248.32137930477467,251.467113065222,10
5,"[3, 8, 10, 13, 14]",86.19621350898929,1.5728668802236665,84.62334662876562,87.76908038921296,10
5,"[2, 10, 7]",26.435516874671908,1.5728668802236665,24.86264999444824,28.008383754895576,10
5,"[1, 10, 14, 7]",44.40707101734141,1.5728668802236665,42.834204137117744,45.97993789756507,10
5,"[1, 7, 9, 10, 14, 15]",110.1425175072986,1.5728668802236665,108.56965062707494,111.71538438752228,10
5,"[6, 7, 10, 13, 14]",69.74666897467321,1.5728668802236665,68.17380209444954,71.31953585489688,10
5,"[3, 6, 10, 14, 15]",63.25221951455077,1.5728668802236665,61.6793526343271,64.82508639477443,10
5,"[10, 13, 14, 7]",52.358220185271264,1.5728668802236665,50.7853533050476,53.93108706549493,10
5,[9],18.1988482255305,1.5728668802236665,16.625981345306833,19.77171510575417,10
5,"[8, 9, 6, 15]",69.12635154221734,1.5728668802236665,67.55348466199366,70.699218422441,10
5,"[1, 2, 3, 6, 8, 9, 10, 15]",228.77277725596923,1.5728668802236665,227.19991037574556,230.3456441361929,10
5,"[10, 6, 15]",29.74970281713866,1.5728668802236665,28.176835936914994,31.32256969736233,10
5,"[1, 2, 3, 8, 9, 13]",151.1232238512359,1.5728668802236665,149.55035697101223,152.69609073145958,10
5,"[9, 3, 6, 15]",70.84216819873701,1.5728668802236665,69.26930131851334,72.41503507896068,10
5,"[2, 3, 6, 8, 15]",73.2413563026719,1.5728668802236665,71.66848942244823,74.81422318289557,10
5,"[9, 13, 6, 7]",48.38799749057857,1.5728668802236665,46.815130610354906,49.960864370802234,10
5,"[2, 6, 7, 8, 13]",91.30406703788452,1.5728668802236665,89.73120015766085,92.8769339181082,10
5,"[3, 6, 7, 9, 10, 13]",100.33513981784407,1.5728668802236665,98.7622729376204,101.90800669806774,10
5,"[2, 8, 9, 10, 13]",100.98257132903571,1.5728668802236665,99.40970444881204,102.55543820925938,10
5,"[1, 2, 3, 7, 8, 14]",161.23322378862153,1.5728668802236665,159.66035690839786,162.8060906688452,10
5,"[1, 2, 8, 13, 14, 15]",139.56254025729731,1.5728668802236665,137.98967337707364,141.13540713752099,10
5,"[1, 2, 3, 6, 10, 13, 14]",84.04939913297942,1.5728668802236665,82.47653225275575,85.62226601320309,10
5,"[2, 6, 7, 8, 10, 14]",108.77154833666745,1.5728668802236665,107.19868145644378,110.34441521689112,10
5,"[2, 3, 6, 7, 8, 9, 10, 13, 14]",261.4814010930647,1.5728668802236665,259.908534212841,263.05426797328835,10
5,"[2, 10, 14]",28.130268471008826,1.5728668802236665,26.557401590785158,29.703135351232493,10
5,[7],9.276548544412922,1.5728668802236665,7.703681664189255,10.849415424636588,10
5,"[2, 3, 6, 8, 9, 10, 15]",199.00103069275164,1.5728668802236665,197.42816381252797,200.5738975729753,10
5,"[1, 3, 7, 8, 13, 15]",108.61455285409345,1.5728668802236665,107.04168597386978,110.18741973431712,10
5,"[1, 2, 3, 7, 8, 9, 10, 15]",250.12409162412172,1.5728668802236665,248.55122474389805,251.6969585043454,10
5,"[9, 10, 3, 7]",79.19897156346647,1.5728668802236665,77.6261046832428,80.77183844369014,10
5,"[2, 3, 7, 8, 10]",102.01307197648774,1.5728668802236665,100.44020509626407,103.58593885671141,10
5,"[8, 9, 3, 7]",112.76011578417535,1.5728668802236665,111.18724890395168,114.33298266439903,10
5,"[1, 2, 3, 6, 10]",61.90885548595509,1.5728668802236665,60.33598860573142,63.48172236617875,10
5,"[2, 6, 7, 8, 9, 10, 14]",185.68853707455781,1.5728668802236665,184.11567019433414,187.26140395478149,10
5,"[2, 6, 7, 10, 13, 14]",73.30947830841578,1.5728668802236665,71.7366114281921,74.88234518863945,10
5,"[2, 6, 7, 13, 14, 15]",92.87618518243443,1.5728668802236665,91.30331830221076,94.4490520626581,10
5,"[2, 3, 6, 7, 8, 10, 15]",140.40779642501874,1.5728668802236665,138.83492954479507,141.98066330524242,10
5,"[8, 1, 13, 9]",59.38397310042105,1.5728668802236665,57.81110622019739,60.956839980644716,10
5,"[2, 3, 6, 7, 9, 13]",86.08153147951566,1.5728668802236665,84.50866459929199,87.65439835973933,10
5,"[1, 6, 9, 10, 15]",70.96995794050414,1.5728668802236665,69.39709106028047,72.54282482072782,10
5,"[1, 6, 7, 8, 10, 15]",94.85922604275916,1.5728668802236665,93.28635916253549,96.43209292298283,10
5,"[1, 3, 6, 7, 8, 9, 10, 13, 15]",275.69404925643755,1.5728668802236665,274.1211823762139,277.2669161366612,10
5,"[6, 7, 9, 10, 13, 14]",91.22709649398894,1.5728668802236665,89.65422961376527,92.79996337421261,10
5,"[6, 8, 9, 10, 14, 15]",152.17276440482738,1.5728668802236665,150.5998975246037,153.74563128505105,10
5,"[9, 3, 13, 14]",64.86190785148641,1.5728668802236665,63.28904097126274,66.43477473171008,10
5,"[2, 3, 8, 13, 14]",126.81331617177548,1.5728668802236665,125.24044929155181,128.38618305199915,10
5,"[8, 3, 13]",48.66914834288534,1.5728668802236665,47.09628146266168,50.24201522310901,10
5,"[2, 3, 6, 7, 8, 9, 14, 15]",232.23324037767043,1.5728668802236665,230.66037349744676,233.8061072578941,10
5,"[9, 10, 3, 13]",79.19334047908578,1.5728668802236665,77.6204735988621,80.76620735930945,10
5,"[2, 3, 8, 10, 13]",80.51797502828296,1.5728668802236665,78.94510814805929,82.09084190850663,10
5,"[1, 7, 8, 10, 14, 15]",132.96465636142725,1.5728668802236665,131.39178948120357,134.53752324165092,10
5,"[1, 3, 6, 7, 8, 10, 14]",140.40290548105884,1.5728668802236665,138.83003860083517,141.9757723612825,10
5,"[1, 3, 7, 8, 9, 10, 13, 14, 15]",290.6250283790127,1.5728668802236665,289.052161498789,292.19789525923636,10
5,"[6, 8, 10, 13, 14, 15]",102.06831953476852,1.5728668802236665,100.49545265454485,103.64118641499219,10
5,"[3, 14, 15]",44.595537368077274,1.5728668802236665,43.02267048785361,46.16840424830094,10
5,"[1, 3, 6, 7, 8, 14, 15]",163.38979710344114,1.5728668802236665,161.81693022321747,164.9626639836648,10
5,"[2, 6, 7, 8, 10, 13, 14, 15]",171.37896335114354,1.5728668802236665,169.80609647091987,172.9518302313672,10
5,"[1, 6, 8, 9, 10, 13, 14]",156.3131763676339,1.5728668802236665,154.74030948741023,157.88604324785757,10
5,"[2, 3, 6, 7, 10, 14, 15]",80.17162347022455,1.5728668802236665,78.59875659000087,81.74449035044822,10
5,"[1, 3, 6, 14]",44.63188299855354,1.5728668802236665,43.05901611832988,46.20474987877721,10
5,"[1, 2, 6, 8, 9, 13, 14, 15]",193.1171946363823,1.5728668802236665,191.54432775615862,194.69006151660597,10
5,"[1, 2, 6, 8, 9, 10, 15]",172.21029032644125,1.5728668802236665,170.63742344621758,173.78315720666492,10
5,"[1, 2, 3, 6, 9, 13, 14, 15]",196.093347804735,1.5728668802236665,194.52048092451133,197.66621468495867,10
5,"[1, 2, 6, 7]",42.96273453810421,1.5728668802236665,41.389867657880544,44.53560141832787,10
5,"[1, 6, 7, 8, 9]",120.76148126477317,1.5728668802236665,119.1886143845495,122.33434814499684,10
5,"[1, 2, 10, 6]",32.07355932060139,1.5728668802236665,30.500692440377723,33.646426200825054,10
5,"[1, 6, 8, 9, 10]",81.4303062333332,1.5728668802236665,79.85743935310953,83.00317311355687,10
5,"[1, 3, 7, 9, 13, 15]",102.13523129528636,1.5728668802236665,100.56236441506269,103.70809817551003,10
5,"[1, 3, 8, 13, 15]",68.70094170884025,1.5728668802236665,67.12807482861658,70.27380858906392,10
5,"[3, 15, 6, 14]",49.293430780155674,1.5728668802236665,47.72056389993201,50.86629766037934,10
5,"[8, 2, 10]",39.221735134090835,1.5728668802236665,37.64886825386717,40.7946020143145,10
5,"[1, 2, 3, 6, 8, 10, 13]",114.62389892925844,1.5728668802236665,113.05103204903477,116.19676580948212,10
5,"[3, 6, 8, 9, 13, 14, 15]",203.0903991339325,1.5728668802236665,201.51753225370882,204.66326601415616,10
5,"[1, 2, 3, 6, 9, 10]",135.46808379557845,1.5728668802236665,133.89521691535478,137.04095067580212,10
5,"[2, 6, 7, 9, 10, 13, 15]",91.09194161080748,1.5728668802236665,89.51907473058381,92.66480849103115,10
5,"[2, 3, 7, 9, 10, 13]",114.0444201881561,1.5728668802236665,112.47155330793242,115.61728706837977,10
5,"[2, 6, 7, 8, 9, 13, 15]",175.32802658409827,1.5728668802236665,173.7551597038746,176.90089346432194,10
5,"[1, 2, 3, 6, 9, 15]",130.13496935440975,1.5728668802236665,128.56210247418608,131.70783623463342,10
5,"[6, 7, 9, 10, 13]",65.39131153511562,1.5728668802236665,63.818444654891955,66.96417841533929,10
5,"[2, 3, 6, 15]",42.284630692332186,1.5728668802236665,40.71176381210852,43.85749757255585,10
5,"[3, 6, 8, 9, 15]",120.35401376956013,1.5728668802236665,118.78114688933645,121.9268806497838,10
5,"[1, 3, 6, 13, 14]",55.34530077576928,1.5728668802236665,53.77243389554562,56.918167655992946,10
5,"[8, 10, 13, 7]",63.477970580931775,1.5728668802236665,61.90510370070811,65.05083746115544,10
5,"[2, 7, 9, 10, 13]",59.020428194582415,1.5728668802236665,57.44756131435875,60.59329507480608,10
5,"[1, 3, 7, 9, 10, 15]",126.65946697257498,1.5728668802236665,125.0866000923513,128.23233385279863,10
5,"[1, 2, 3, 6, 13, 15]",68.5734343793409,1.5728668802236665,67.00056749911722,70.14630125956457,10
5,"[6, 7, 8, 10, 13]",83.89292582507488,1.5728668802236665,82.32005894485121,85.46579270529855,10
5,"[8, 15, 13, 7]",60.63919282352506,1.5728668802236665,59.06632594330139,62.21205970374872,10
5,"[2, 7, 9, 13, 15]",55.74907937609315,1.5728668802236665,54.176212495869486,57.321946256316814,10
5,"[1, 2, 9, 10, 14, 15]",104.08060966018745,1.5728668802236665,102.50774277996378,105.65347654041112,10
5,"[2, 6, 10, 13, 15]",42.098392756401346,1.5728668802236665,40.52552587617768,43.67125963662501,10
5,"[1, 3, 15]",40.58279683484297,1.5728668802236665,39.00992995461931,42.15566371506664,10
5,"[2, 3, 14, 15]",51.14993313090998,1.5728668802236665,49.577066250686315,52.72280001113364,10
5,"[3, 8, 9, 14, 15]",161.28200038698168,1.5728668802236665,159.709133506758,162.85486726720535,10
5,"[1, 2, 8, 9, 13, 14]",155.09576939887694,1.5728668802236665,153.52290251865327,156.6686362791006,10
5,"[1, 2, 3, 6, 8, 9, 10, 13, 14, 15]",281.59382131752056,1.5728668802236665,280.0209544372969,283.16668819774424,10
5,"[1, 10, 3]",43.49877327991497,1.5728668802236665,41.92590639969131,45.071640160138635,10
5,"[1, 6, 8, 9, 10, 14, 15]",160.83084174483247,1.5728668802236665,159.2579748646088,162.40370862505614,10
5,"[1, 7, 10, 14, 15]",57.83641033711551,1.5728668802236665,56.263543456891846,59.409277217339174,10
5,"[1, 3, 7, 8, 9, 13]",190.10596931665708,1.5728668802236665,188.5331024364334,191.67883619688075,10
5,"[3, 6, 7, 8, 14]",93.2628041098751,1.5728668802236665,91.68993722965143,94.83567099009878,10
5,"[3, 8, 9, 10, 13, 15]",176.97588488585254,1.5728668802236665,175.40301800562887,178.5487517660762,10
5,"[1, 10, 3, 15]",54.897752754977965,1.5728668802236665,53.3248858747543,56.47061963520163,10
5,"[1, 7, 8, 13, 14, 15]",152.03269926049683,1.5728668802236665,150.45983238027316,153.6055661407205,10
5,"[2, 3, 8, 9, 10, 14]",193.12887282973364,1.5728668802236665,191.55600594950997,194.7017397099573,10
5,"[1, 2, 7, 8, 9, 13, 14]",184.21750118691168,1.5728668802236665,182.644634306688,185.79036806713535,10
5,"[1, 2, 3, 6, 8, 10, 13, 14, 15]",213.24781726753304,1.5728668802236665,211.67495038730937,214.8206841477567,10
5,"[3, 6, 7, 9, 14]",68.48579716220154,1.5728668802236665,66.91293028197786,70.0586640424252,10
5,"[1, 6, 14]",24.045130704455566,1.5728668802236665,22.4722638242319,25.617997584679234,10
5,"[8, 2, 6, 14]",48.99489311087703,1.5728668802236665,47.422026230653366,50.567759991100694,10
5,"[1, 2, 6, 10, 14]",42.841112037187074,1.5728668802236665,41.26824515696341,44.41397891741074,10
5,"[1, 7, 9, 13, 14]",80.85509671473656,1.5728668802236665,79.28222983451289,82.42796359496023,10
5,"[1, 3, 6, 7, 8]",90.19134820299982,1.5728668802236665,88.61848132277615,91.76421508322349,10
5,"[1, 3, 6, 7, 10]",64.32478006454701,1.5728668802236665,62.75191318432335,65.89764694477068,10
5,"[7, 8, 9, 10, 13, 15]",180.87364116203847,1.5728668802236665,179.3007742818148,182.44650804226214,10
5,"[1, 2, 6, 7, 8, 15]",102.49230537742596,1.5728668802236665,100.9194384972023,104.06517225764964,10
5,"[1, 2, 3, 6, 7, 8, 9, 13, 15]",250.39226098046598,1.5728668802236665,248.8193941002423,251.96512786068965,10
5,"[1, 3, 10, 14, 15]",67.45771215157116,1.5728668802236665,65.88484527134749,69.03057903179483,10
5,"[2, 15, 14, 7]",36.98134201832104,1.5728668802236665,35.40847513809737,38.5542088985447,10
5,"[7, 8, 9, 14, 15]",137.82972437352777,1.5728668802236665,136.2568574933041,139.40259125375144,10
5,"[1, 2, 6, 7, 8, 9, 10, 13, 14, 15]",260.6684137359357,1.5728668802236665,259.09554685571203,262.2412806161594,10
5,"[1, 15, 7]",30.644405214511902,1.5728668802236665,29.071538334288235,32.21727209473557,10
5,"[1, 3, 6, 10, 13, 14]",69.60480301478268,1.5728668802236665,68.031936134559,71.17766989500635,10
5,"[2, 3, 6, 7, 8, 13, 15]",158.70977857932724,1.5728668802236665,157.13691169910356,160.2826454595509,10
5,"[3, 6, 8, 10, 13]",67.27357411293717,1.5728668802236665,65.7007072327135,68.84644099316084,10
5,"[1, 2, 6, 8, 10, 15]",71.79202601631259,1.5728668802236665,70.21915913608892,73.36489289653626,10
5,"[6, 7, 8, 10, 15]",68.89076151396668,1.5728668802236665,67.31789463374301,70.46362839419035,10
5,"[1, 2, 3, 6, 8, 9, 10, 13, 15]",237.48774755475674,1.5728668802236665,235.91488067453307,239.0606144349804,10
5,"[2, 3, 7, 8, 10, 13]",137.80080716461245,1.5728668802236665,136.22794028438878,139.37367404483612,10
5,"[2, 3, 6, 7, 8, 10, 14, 15]",199.15009591105905,1.5728668802236665,197.57722903083538,200.72296279128273,10
5,"[8, 10, 3, 13]",62.888500516998945,1.5728668802236665,61.31563363677528,64.46136739722262,10
5,"[2, 3, 9, 10, 13]",103.34739057484572,1.5728668802236665,101.77452369462205,104.92025745506939,10
5,"[8, 1, 10, 15]",53.353869148850706,1.5728668802236665,51.78100226862704,54.92673602907437,10
5,"[1, 2, 9, 10, 15]",71.21647211058311,1.5728668802236665,69.64360523035944,72.78933899080678,10
5,"[1, 9, 15]",41.1200748485774,1.5728668802236665,39.54720796835374,42.69294172880107,10
5,"[1, 2, 3, 7, 9, 10, 13]",194.6891621410407,1.5728668802236665,193.11629526081703,196.26202902126437,10
5,"[13, 14, 15]",41.12646633696829,1.5728668802236665,39.55359945674463,42.699333217191956,10
5,"[1, 2, 13, 15]",33.80301159411503,1.5728668802236665,32.23014471389136,35.37587847433869,10
5,"[1, 8, 9, 13, 15]",82.31651350020829,1.5728668802236665,80.74364661998462,83.88938038043196,10
5,"[2, 3, 6, 8, 9, 13, 15]",159.81772866115494,1.5728668802236665,158.24486178093127,161.39059554137862,10
5,"[1, 2, 3, 7, 8, 9, 15]",212.58352260684472,1.5728668802236665,211.01065572662105,214.1563894870684,10
5,"[2, 3, 6, 8, 9, 10, 14, 15]",232.88207636693838,1.5728668802236665,231.3092094867147,234.45494324716205,10
5,"[1, 2, 6, 7, 9, 10]",79.0694784225971,1.5728668802236665,77.49661154237343,80.64234530282077,10
5,"[2, 3, 6, 8, 9, 10, 13]",165.57465210592403,1.5728668802236665,164.00178522570036,167.1475189861477,10
5,"[6, 7, 8, 9, 13, 14, 15]",192.33011773407424,1.5728668802236665,190.75725085385056,193.9029846142979,10
5,"[10, 7]",22.964344675190326,1.5728668802236665,21.391477794966658,24.537211555413993,10
5,"[6, 7, 8, 9, 10, 13, 14]",198.48601497723638,1.5728668802236665,196.9131480970127,200.05888185746005,10
5,"[1, 2, 6, 8, 13, 15]",66.59284888295284,1.5728668802236665,65.01998200272917,68.16571576317651,10
5,"[9, 2, 3, 6]",60.72050601387755,1.5728668802236665,59.14763913365388,62.29337289410121,10
5,"[1, 7, 8, 13, 15]",88.49696495288393,1.5728668802236665,86.92409807266026,90.0698318331076,10
5,"[3, 6, 7, 8, 10, 13, 15]",115.97024801733964,1.5728668802236665,114.39738113711597,117.54311489756331,10
5,"[1, 6, 7, 9, 15]",62.374582901162185,1.5728668802236665,60.80171602093852,63.94744978138585,10
5,"[1, 2, 6, 7, 9, 13, 14, 15]",178.87106123876464,1.5728668802236665,177.29819435854097,180.4439281189883,10
5,"[1, 3, 6, 7, 10, 14]",75.17008764096268,1.5728668802236665,73.597220760739,76.74295452118635,10
5,"[1, 2, 6, 7, 9, 10, 13, 14]",137.28069047901937,1.5728668802236665,135.7078235987957,138.85355735924304,10
5,"[2, 3, 6, 8, 10, 13, 14, 15]",184.55490703297988,1.5728668802236665,182.9820401527562,186.12777391320355,10
5,"[1, 3, 6, 7, 13]",72.74579323985945,1.5728668802236665,71.17292635963578,74.31866012008312,10
5,"[3, 6, 7, 8, 9, 13, 14, 15]",244.67051451756188,1.5728668802236665,243.0976476373382,246.24338139778556,10
5,"[8, 9, 2, 3]",103.2042709232458,1.5728668802236665,101.63140404302213,104.77713780346947,10
5,"[2, 13, 6, 14]",29.484233152556847,1.5728668802236665,27.91136627233318,31.057100032780514,10
5,"[6, 8, 9, 13, 14]",99.882617800742,1.5728668802236665,98.30975092051833,101.45548468096567,10
5,"[6, 9, 10, 13, 14]",61.7003596548951,1.5728668802236665,60.12749277467144,63.273226535118766,10
5,"[1, 3, 8, 10, 14, 15]",98.34326094754735,1.5728668802236665,96.77039406732368,99.91612782777102,10
5,"[2, 7, 9, 10, 14, 15]",102.86951192918346,1.5728668802236665,101.29664504895979,104.44237880940713,10
5,"[1, 2, 3, 6, 7, 8, 10, 15]",172.6032518609543,1.5728668802236665,171.03038498073062,174.17611874117796,10
5,"[3, 15, 6, 7]",46.84671924103891,1.5728668802236665,45.27385236081525,48.419586121262576,10
5,"[1, 6, 8, 10, 13]",55.48697644114668,1.5728668802236665,53.914109560923016,57.059843321370344,10
5,"[3, 6, 7, 8, 9, 14]",184.71517963095107,1.5728668802236665,183.1423127507274,186.28804651117474,10
5,"[6, 8, 9, 13, 14, 15]",141.891026306929,1.5728668802236665,140.31815942670534,143.46389318715268,10
5,"[1, 2, 6, 8, 9, 14, 15]",164.72114688054694,1.5728668802236665,163.14828000032327,166.2940137607706,10
5,"[1, 2, 6, 8, 9, 10, 13, 15]",181.11515961414474,1.5728668802236665,179.54229273392107,182.68802649436842,10
5,"[2, 3, 8, 9, 10, 13, 14]",222.7284800043257,1.5728668802236665,221.15561312410202,224.30134688454936,10
5,"[1, 13, 6, 15]",33.28084024628707,1.5728668802236665,31.707973366063403,34.853707126510734,10
5,"[2, 3, 7, 8, 13, 15]",135.02619468057438,1.5728668802236665,133.4533278003507,136.59906156079805,10
5,"[1, 3, 6, 7, 9, 10, 13]",122.84355536934689,1.5728668802236665,121.27068848912322,124.41642224957056,10
5,"[8, 1, 6, 7]",69.58137141432077,1.5728668802236665,68.0085045340971,71.15423829454444,10
5,"[1, 2, 6, 7, 9]",61.35954476585677,1.5728668802236665,59.786677885633104,62.93241164608043,10
5,"[3, 7, 8, 13, 14]",100.77582534193621,1.5728668802236665,99.20295846171254,102.34869222215988,10
5,"[1, 3, 7, 8, 9, 10, 15]",237.55681635774832,1.5728668802236665,235.98394947752465,239.129683237972,10
5,"[2, 3, 6, 10, 13, 14]",66.84391356773865,1.5728668802236665,65.27104668751498,68.41678044796232,10
5,"[3, 7, 8, 10, 13, 14, 15]",153.91041546512056,1.5728668802236665,152.3375485848969,155.48328234534424,10
5,"[1, 2, 10, 13]",36.459528971670196,1.5728668802236665,34.88666209144653,38.03239585189386,10
5,"[1, 8, 9, 10, 13]",86.02185900642398,1.5728668802236665,84.44899212620031,87.59472588664765,10
5,"[1, 3, 7, 10, 13, 15]",81.54025023282239,1.5728668802236665,79.96738335259872,83.11311711304606,10
5,"[1, 3, 6, 8, 10, 13, 14, 15]",131.6158457759231,1.5728668802236665,130.04297889569943,133.18871265614678,10
5,"[9, 10, 14, 15]",90.4979108610955,1.5728668802236665,88.92504398087183,92.07077774131918,10
5,"[2, 8, 10, 14, 15]",88.77758031466323,1.5728668802236665,87.20471343443955,90.3504471948869,10
5,"[8, 9, 10, 15]",104.88064528750678,1.5728668802236665,103.30777840728311,106.45351216773045,10
5,[3],20.88942617245952,1.5728668802236665,19.31655929223585,22.462293052683187,10
5,"[2, 10, 13]",26.618303579368266,1.5728668802236665,25.0454366991446,28.191170459591934,10
5,"[1, 2, 6, 7, 10, 13, 14]",115.98802913840545,1.5728668802236665,114.41516225818178,117.56089601862912,10
5,"[9, 3, 14]",53.519121424592996,1.5728668802236665,51.94625454436933,55.09198830481666,10
5,"[3, 8, 9, 10, 13, 14, 15]",241.1713983723968,1.5728668802236665,239.59853149217312,242.74426525262047,10
5,"[1, 7, 8, 9, 10, 14]",179.2127699642199,1.5728668802236665,177.63990308399622,180.78563684444356,10
5,"[8, 2, 10, 7]",56.749961773829895,1.5728668802236665,55.17709489360623,58.32282865405356,10
5,"[8, 6, 7]",43.5922903136479,1.5728668802236665,42.01942343342424,45.165157193871565,10
5,"[1, 2, 6, 7, 8, 9, 10, 15]",211.7011160210052,1.5728668802236665,210.12824914078152,213.27398290122886,10
5,"[9, 10, 6, 7]",50.602138568450066,1.5728668802236665,49.0292716882264,52.17500544867373,10
5,"[2, 6, 7, 8, 10]",75.0378771081673,1.5728668802236665,73.46501022794362,76.61074398839096,10
5,"[2, 6, 7, 9, 10, 15]",76.07191592547936,1.5728668802236665,74.49904904525569,77.64478280570303,10
5,"[2, 3, 7, 8, 9, 10, 14]",223.91301839844635,1.5728668802236665,222.34015151822268,225.48588527867003,10
5,"[1, 8, 9, 10, 14, 15]",156.801249039874,1.5728668802236665,155.22838215965032,158.37411592009767,10
5,"[3, 13, 14, 15]",61.79703175998509,1.5728668802236665,60.224164879761425,63.36989864020875,10
5,[13],8.535673624679383,1.5728668802236665,6.962806744455716,10.108540504903049,10
5,"[8, 9, 6]",46.22956609573555,1.5728668802236665,44.656699215511885,47.80243297595921,10
5,"[1, 7, 8, 9, 10, 13, 14, 15]",239.15043905394708,1.5728668802236665,237.5775721737234,240.72330593417075,10
5,"[1, 7, 10, 13, 14, 15]",112.05933759917585,1.5728668802236665,110.48647071895218,113.63220447939952,10
5,"[2, 7, 8, 9, 10, 15]",168.31073522793068,1.5728668802236665,166.737868347707,169.88360210815435,10
5,"[1, 3, 6, 9, 10, 13, 15]",128.95101262573797,1.5728668802236665,127.3781457455143,130.52387950596165,10
5,"[1, 8, 9, 10, 13, 14]",151.7770175924608,1.5728668802236665,150.20415071223712,153.34988447268447,10
5,"[10, 3, 14, 15]",59.04587127562468,1.5728668802236665,57.47300439540101,60.61873815584834,10
5,"[2, 10, 15, 7]",37.560720748541925,1.5728668802236665,35.98785386831826,39.13358762876559,10
5,"[7, 8, 9, 10, 15]",144.9671562700185,1.5728668802236665,143.39428938979484,146.54002315024218,10
5,"[1, 2, 6, 7, 8, 9, 10, 13]",206.00913516194828,1.5728668802236665,204.4362682817246,207.58200204217195,10
5,"[1, 2, 6, 7, 8, 9, 14]",173.58543962461482,1.5728668802236665,172.01257274439115,175.1583065048385,10
5,"[15, 6, 14]",28.641428349824583,1.5728668802236665,27.068561469600915,30.21429523004825,10
5,"[1, 2, 3, 6, 14, 15]",72.37913232828839,1.5728668802236665,70.80626544806472,73.95199920851206,10
5,"[1, 3, 6, 7, 9, 13, 15]",118.67141724589335,1.5728668802236665,117.09855036566968,120.24428412611702,10
5,"[13, 6]",13.405169561971613,1.5728668802236665,11.832302681747947,14.978036442195279,10
5,[1],8.816120841717487,1.5728668802236665,7.24325396149382,10.388987721941152,10
5,"[8, 10, 3, 6]",58.53895954843735,1.5728668802236665,56.96609266821368,60.11182642866101,10
5,"[2, 3, 6, 9, 10]",98.83532426619006,1.5728668802236665,97.26245738596639,100.40819114641373,10
5,"[1, 2, 6, 7, 15]",54.67336348341566,1.5728668802236665,53.100496603192,56.24623036363933,10
5,"[10, 13, 15]",33.89150794362262,1.5728668802236665,32.31864106339896,35.464374823846285,10
5,"[1, 2, 3, 7, 9, 13, 14]",187.1410916749827,1.5728668802236665,185.56822479475903,188.71395855520637,10
5,"[1, 9, 10, 13, 15]",75.25088251533363,1.5728668802236665,73.67801563510996,76.8237493955573,10
5,"[8, 9, 13, 15]",73.64875211688774,1.5728668802236665,72.07588523666406,75.2216189971114,10
5,"[2, 3, 7, 8, 9, 13]",178.1841792219527,1.5728668802236665,176.61131234172902,179.75704610217636,10
5,"[2, 3, 6, 9, 10, 13, 14]",120.43407577910452,1.5728668802236665,118.86120889888085,122.00694265932819,10
5,"[1, 2, 3, 7, 9, 14, 15]",192.47585409907745,1.5728668802236665,190.90298721885378,194.04872097930112,10
5,"[3, 6, 8, 9, 10, 13, 14, 15]",245.8967840480604,1.5728668802236665,244.32391716783673,247.46965092828407,10
5,"[2, 6, 14]",18.867815596794536,1.5728668802236665,17.294948716570868,20.440682477018203,10
5,"[3, 6, 7]",35.52737546361933,1.5728668802236665,33.954508583395665,37.10024234384299,10
5,"[1, 15, 9, 7]",52.545489582975485,1.5728668802236665,50.97262270275182,54.11835646319915,10
5,"[1, 2, 7, 8, 15]",79.24161707769542,1.5728668802236665,77.66875019747175,80.8144839579191,10
5,"[10, 3, 6]",39.24230290914404,1.5728668802236665,37.66943602892037,40.8151697893677,10
5,"[1, 3, 8, 10, 13, 14, 15]",127.19530023066163,1.5728668802236665,125.62243335043796,128.7681671108853,10
5,"[3, 6, 15]",36.30114962591875,1.5728668802236665,34.72828274569508,37.87401650614241,10
5,"[1, 2, 13, 9]",40.61784145697553,1.5728668802236665,39.04497457675187,42.1907083371992,10
5,"[1, 2, 7, 8, 10, 13, 15]",125.27829484190622,1.5728668802236665,123.70542796168255,126.85116172212989,10
5,"[8, 10, 6, 14]",51.62469815801309,1.5728668802236665,50.051831277789425,53.19756503823675,10
5,"[2, 6, 9, 10, 14]",54.37528749460878,1.5728668802236665,52.80242061438511,55.94815437483244,10
5,"[2, 3, 15]",37.97146362886468,1.5728668802236665,36.39859674864102,39.54433050908835,10
5,"[2, 6, 7, 8, 9, 10, 13, 14, 15]",238.8571326830557,1.5728668802236665,237.28426580283204,240.42999956327938,10
5,"[10, 15]",25.32673492430579,1.5728668802236665,23.75386804408212,26.899601804529457,10
5,"[2, 3, 6, 7, 8, 9, 10, 14]",238.58582708695803,1.5728668802236665,237.01296020673436,240.1586939671817,10
5,"[1, 2, 6, 8, 9, 15]",127.08450537389669,1.5728668802236665,125.51163849367302,128.65737225412036,10
5,"[1, 2, 3, 8, 9, 10, 14]",223.04504681735847,1.5728668802236665,221.4721799371348,224.61791369758214,10
5,"[2, 3, 6, 7, 8, 9, 13]",197.4724068203391,1.5728668802236665,195.89953994011543,199.04527370056277,10
5,"[1, 2, 6, 9, 14, 15]",71.16285123882388,1.5728668802236665,69.5899843586002,72.73571811904755,10
5,"[1, 2, 3, 15]",54.90246430223781,1.5728668802236665,53.329597422014146,56.475331182461474,10
5,"[1, 3, 8, 9, 15]",124.67049101075938,1.5728668802236665,123.0976241305357,126.24335789098305,10
5,"[1, 2, 13, 7]",50.83785030433652,1.5728668802236665,49.264983424112856,52.410717184560184,10
5,"[1, 7, 8, 9, 13]",129.6813942478989,1.5728668802236665,128.10852736767524,131.25426112812258,10
5,"[1, 7, 9, 10, 13]",71.27284003556385,1.5728668802236665,69.69997315534017,72.84570691578752,10
5,"[1, 3, 13, 14]",50.977077799754404,1.5728668802236665,49.40421091953074,52.54994467997807,10
5,"[1, 7, 9, 10, 13, 14, 15]",189.74196855627548,1.5728668802236665,188.1691016760518,191.31483543649915,10
5,"[2, 3, 8, 10, 13, 15]",91.83292047497389,1.5728668802236665,90.26005359475022,93.40578735519756,10
5,"[2, 6, 7, 9, 13, 15]",66.08968613395979,1.5728668802236665,64.51681925373612,67.66255301418346,10
5,"[1, 10, 14]",33.45824301643647,1.5728668802236665,31.885376136212802,35.03110989666013,10
5,"[1, 10, 13, 14, 15]",63.4455981205153,1.5728668802236665,61.872731240291635,65.01846500073897,10
5,"[1, 3, 7, 10, 14]",65.25589848935269,1.5728668802236665,63.683031609129024,66.82876536957636,10
5,"[1, 2, 9, 7]",46.64806672309278,1.5728668802236665,45.07519984286912,48.220933603316446,10
5,"[3, 6, 8, 9, 10, 14]",171.31553237051864,1.5728668802236665,169.74266549029497,172.8883992507423,10
5,"[1, 2, 3, 7, 10, 15]",95.41790519709328,1.5728668802236665,93.8450383168696,96.99077207731695,10
5,"[1, 2, 3, 7, 8, 15]",134.49716044828665,1.5728668802236665,132.92429356806298,136.07002732851032,10
5,"[1, 3, 6, 8, 15]",64.62809165277739,1.5728668802236665,63.05522477255372,66.20095853300106,10
5,"[2, 3, 7, 9, 13, 14]",94.16398340745651,1.5728668802236665,92.59111652723284,95.73685028768018,10
5,"[1, 2, 3, 7, 8, 9, 13]",207.4794997708011,1.5728668802236665,205.90663289057744,209.05236665102478,10
5,"[1, 2, 3, 7, 8, 9, 10, 14]",248.62048631455542,1.5728668802236665,247.04761943433175,250.1933531947791,10
5,"[3, 6, 9, 14, 15]",105.37084829734718,1.5728668802236665,103.79798141712351,106.94371517757085,10
5,"[1, 3, 6, 8, 13, 14, 15]",117.40331960786129,1.5728668802236665,115.83045272763762,118.97618648808496,10
5,"[1, 13, 9]",36.07803385749234,1.5728668802236665,34.50516697726868,37.65090073771601,10
5,"[1, 3, 6, 8, 9, 10]",133.89131981689033,1.5728668802236665,132.31845293666666,135.464186697114,10
5,"[2, 3, 7, 10, 13, 14, 15]",107.25442995154287,1.5728668802236665,105.6815630713192,108.82729683176655,10
5,"[3, 7, 8, 9, 10, 13]",201.9658875500942,1.5728668802236665,200.39302066987054,203.53875443031788,10
5,"[2, 3, 6, 7, 8, 10, 14]",165.77983171418833,1.5728668802236665,164.20696483396466,167.352698594412,10
5,"[1, 6, 7, 8, 9, 10, 13, 15]",224.55072007183054,1.5728668802236665,222.97785319160687,226.1235869520542,10
5,"[1, 15, 6, 14]",37.63803536057334,1.5728668802236665,36.065168480349676,39.210902240797004,10
5,"[1, 14]",19.55701490770304,1.5728668802236665,17.98414802747937,21.129881787926706,10
5,"[2, 3, 14, 7]",46.28461709975344,1.5728668802236665,44.711750219529776,47.857483979977104,10
5,"[3, 7, 8, 9, 14]",156.75024751330687,1.5728668802236665,155.1773806330832,158.32311439353055,10
5,"[1, 2, 3, 6, 7, 8, 9, 10, 13, 14]",283.5142418822503,1.5728668802236665,281.94137500202663,285.087108762474,10
5,"[2, 3, 8, 9, 10, 14, 15]",228.45228766905038,1.5728668802236665,226.8794207888267,230.02515454927405,10
5,"[1, 6, 9, 10, 14]",59.342991450556084,1.5728668802236665,57.77012457033242,60.91585833077975,10
5,"[6, 8, 10, 13, 15]",57.8266604940179,1.5728668802236665,56.25379361379424,59.399527374241565,10
5,"[6, 7, 9, 10, 13, 15]",87.53385866407761,1.5728668802236665,85.96099178385394,89.10672554430128,10
5,"[8, 10, 13, 15]",53.3166921997932,1.5728668802236665,51.74382531956954,54.889559080016866,10
5,"[2, 9, 10, 13, 15]",69.9929073357562,1.5728668802236665,68.42004045553253,71.56577421597987,10
5,"[2, 3, 8, 10, 13, 14, 15]",180.03698652763603,1.5728668802236665,178.46411964741236,181.6098534078597,10
5,"[1, 2, 3, 6, 7, 8, 13, 15]",186.02635534243618,1.5728668802236665,184.4534884622125,187.59922222265985,10
5,"[1, 2, 3, 8, 9]",141.8045937428156,1.5728668802236665,140.23172686259193,143.37746062303927,10
5,"[8, 2, 3]",57.80651611722347,1.5728668802236665,56.2336492369998,59.37938299744713,10
5,"[1, 3, 6, 7, 8, 10, 15]",115.82266596066393,1.5728668802236665,114.24979908044025,117.3955328408876,10
5,"[3, 6, 7, 9, 10, 13, 14]",125.7580604546092,1.5728668802236665,124.18519357438552,127.33092733483286,10
5,"[3, 10, 13, 14, 15]",75.65947042437767,1.5728668802236665,74.086603544154,77.23233730460134,10
5,"[1, 2, 3, 6, 8, 13]",100.5188150311211,1.5728668802236665,98.94594815089742,102.09168191134476,10
5,"[8, 3, 13, 7]",70.17412087168142,1.5728668802236665,68.60125399145775,71.7469877519051,10
5,"[2, 3, 7, 9, 13]",76.40251665850244,1.5728668802236665,74.82964977827876,77.9753835387261,10
5,"[1, 6, 8, 9, 10, 13, 15]",127.00811091933981,1.5728668802236665,125.43524403911614,128.58097779956347,10
5,"[1, 2, 6, 7, 9, 10, 14, 15]",133.85436665417973,1.5728668802236665,132.28149977395606,135.4272335344034,10
5,"[2, 3, 13, 14]",48.1632575844303,1.5728668802236665,46.590390704206634,49.73612446465396,10
5,"[3, 8, 9, 13, 14]",156.56105558631896,0.034616367652045704,156.52643921866692,156.595671953971,10000
5,"[1, 2, 7, 9, 13, 14]",100.76801112175791,1.5728668802236665,99.19514424153424,102.34087800198158,10
5,"[1, 2, 6, 7, 8, 9, 10]",181.59567209943174,1.5728668802236665,180.02280521920807,183.1685389796554,10
5,"[1, 6, 7, 10, 14, 15]",67.81315688032046,1.5728668802236665,66.24029000009679,69.38602376054413,10
5,"[1, 3, 6, 7, 9, 10, 13, 14, 15]",255.03712462905332,1.5728668802236665,253.46425774882965,256.609991509277,10
5,"[1, 2, 6, 7, 8, 9, 13, 14]",198.06484010500054,1.5728668802236665,196.49197322477687,199.6377069852242,10
5,"[1, 2, 3, 6, 7, 9, 10, 13]",209.2946950546624,1.5728668802236665,207.72182817443874,210.86756193488608,10
5,"[1, 3, 6, 8, 9, 10, 14]",180.15357377275006,1.5728668802236665,178.5807068925264,181.72644065297374,10
5,"[8, 15, 14, 7]",84.13401518994758,1.5728668802236665,82.5611483097239,85.70688207017125,10
5,"[2, 7, 9, 14, 15]",66.06131823660043,1.5728668802236665,64.48845135637676,67.6341851168241,10
5,"[9, 15, 7]",41.52592252741741,1.5728668802236665,39.95305564719374,43.09878940764107,10
5,"[3, 6, 8, 9, 14, 15]",165.5973646116293,1.5728668802236665,164.02449773140563,167.17023149185297,10
5,"[8, 10, 15, 7]",56.595761787932716,1.5728668802236665,55.02289490770905,58.16862866815638,10
5,"[2, 7, 9, 10, 15]",70.40736599879008,1.5728668802236665,68.83449911856641,71.98023287901376,10
5,"[1, 6, 7, 13, 15]",63.49750694878194,1.5728668802236665,61.924640068558276,65.0703738290056,10
5,"[2, 3, 6, 8, 9]",107.68296367823305,1.5728668802236665,106.11009679800938,109.25583055845672,10
5,"[1, 3, 6, 8, 10]",67.44526166692552,1.5728668802236665,65.87239478670185,69.01812854714919,10
5,"[3, 14, 7]",40.397319417473376,1.5728668802236665,38.82445253724971,41.97018629769704,10
5,"[6, 7, 8, 10, 13, 14]",120.10494722022936,1.5728668802236665,118.53208034000569,121.67781410045303,10
5,"[3, 6, 8, 13, 14, 15]",108.78787960407494,1.5728668802236665,107.21501272385127,110.36074648429862,10
5,"[10, 14, 15]",38.13242748542712,1.5728668802236665,36.55956060520346,39.705294365650786,10
5,"[1, 3, 7, 8, 10, 14]",114.6662222358556,1.5728668802236665,113.09335535563193,116.23908911607927,10
5,"[8, 9, 14, 15]",99.29746352136213,1.5728668802236665,97.72459664113846,100.8703304015858,10
5,"[1, 2, 3, 6, 14]",58.96112732663962,1.5728668802236665,57.388260446415956,60.533994206863284,10
5,"[1, 6, 7, 8, 10]",83.8186900923198,1.5728668802236665,82.24582321209613,85.39155697254347,10
5,"[1, 3, 6, 13, 15]",54.00342781142873,1.5728668802236665,52.430560931205065,55.57629469165239,10
5,"[1, 3, 6, 8, 9, 13, 14]",169.89813360669106,1.5728668802236665,168.3252667264674,171.47100048691473,10
5,"[1, 3, 6, 7, 9, 10, 13, 15]",159.1501074628028,1.5728668802236665,157.57724058257912,160.72297434302646,10
5,"[1, 3, 7, 9, 10, 14]",100.50638201980324,1.5728668802236665,98.93351513957957,102.07924890002691,10
5,"[3, 6, 7, 10, 13]",64.64040577661136,1.5728668802236665,63.067538896387696,66.21327265683503,10
5,"[6, 7, 8, 9, 14, 15]",163.33463039218913,1.5728668802236665,161.76176351196546,164.9074972724128,10
5,"[1, 3, 6, 7, 9, 14, 15]",131.34952217635168,1.5728668802236665,129.776655296128,132.92238905657535,10
5,"[1, 2, 6, 9, 10, 13, 14, 15]",144.91431130659547,1.5728668802236665,143.3414444263718,146.48717818681914,10
5,"[2, 6, 10, 13, 14]",43.822259554022374,1.5728668802236665,42.24939267379871,45.39512643424604,10
5,"[1, 3, 6, 10, 14, 15]",72.28744267672684,1.5728668802236665,70.71457579650317,73.86030955695051,10
5,"[1, 6, 7, 9, 10]",65.44193315144413,1.5728668802236665,63.86906627122047,67.0148000316678,10
5,"[2, 6, 7, 13, 14]",59.06631068926963,1.5728668802236665,57.493443809045964,60.63917756949329,10
5,"[1, 2, 3, 9, 13, 14]",106.91948055730711,1.5728668802236665,105.34661367708344,108.49234743753078,10
5,"[1, 2, 6, 7, 9, 10, 15]",101.16962100011159,1.5728668802236665,99.59675411988792,102.74248788033526,10
5,"[1, 2, 8, 9, 13, 15]",131.97283807558588,1.5728668802236665,130.3999711953622,133.54570495580955,10
5,"[9, 15, 6, 14]",57.76291887259619,1.5728668802236665,56.190051992372524,59.33578575281985,10
5,"[2, 6, 8, 14, 15]",79.12712877449749,1.5728668802236665,77.55426189427382,80.69999565472116,10
5,"[1, 2, 3, 6, 7, 8, 9, 10, 15]",262.85667209114797,1.5728668802236665,261.2838052109243,264.42953897137164,10
5,"[10, 3, 13, 15]",54.626502970424234,1.5728668802236665,53.05363609020057,56.1993698506479,10
5,"[8, 1, 13, 6]",41.43365132824347,1.5728668802236665,39.86078444801981,43.006518208467135,10
5,"[1, 2, 6, 9, 13]",45.22229711925881,1.5728668802236665,43.64943023903515,46.795163999482476,10
5,"[3, 6, 7, 8, 15]",75.43565003606295,1.5728668802236665,73.86278315583928,77.00851691628662,10
5,"[1, 2, 6, 7, 8, 13]",121.26295205579463,1.5728668802236665,119.69008517557096,122.8358189360183,10
5,"[7, 10, 13, 14, 15]",80.74360288164674,1.5728668802236665,79.17073600142307,82.31646976187041,10
5,"[3, 8, 9, 10, 13, 14]",205.16816704753262,0.3682369320823823,204.79993011545025,205.536403979615,100
5,"[6, 8, 9, 10, 13, 14, 15]",188.44602243888906,1.5728668802236665,186.8731555586654,190.01888931911273,10
5,"[2, 3, 6, 7, 8, 15]",126.60475504916967,1.5728668802236665,125.031888168946,128.17762192939333,10
5,"[2, 3, 6, 7, 9, 13, 15]",119.29377392712186,1.5728668802236665,117.72090704689819,120.86664080734553,10
5,"[3, 6, 7, 10, 13, 15]",75.7484375752971,1.5728668802236665,74.17557069507343,77.32130445552077,10
5,"[6, 8, 9, 10, 13]",81.99075168185382,1.5728668802236665,80.41788480163015,83.5636185620775,10
5,"[2, 10, 13, 6]",30.76403539939674,1.5728668802236665,29.191168519173072,32.3369022796204,10
5,"[9, 10, 3, 15]",107.04098565308873,1.5728668802236665,105.46811877286505,108.6138525333124,10
5,"[2, 3, 8, 10, 15]",82.95125340810009,1.5728668802236665,81.37838652787642,84.52412028832376,10
5,"[2, 6, 8, 9, 10, 13, 15]",146.9183005161457,1.5728668802236665,145.34543363592203,148.49116739636938,10
5,"[2, 3, 6, 7, 8, 9, 10]",209.34320251633318,1.5728668802236665,207.7703356361095,210.91606939655685,10
5,"[10, 3, 6, 7]",49.580754749967845,1.5728668802236665,48.00788786974418,51.15362163019151,10
5,"[1, 2, 7, 8, 13, 14]",135.029255526763,1.5728668802236665,133.45638864653932,136.60212240698667,10
5,"[3, 7]",29.97603474160011,1.5728668802236665,28.403167861376442,31.548901621823777,10
5,"[1, 2, 3, 10, 14, 15]",81.62930208696253,1.5728668802236665,80.05643520673885,83.2021689671862,10
5,"[3, 6, 9, 10, 13, 15]",120.79631026474908,1.5728668802236665,119.22344338452541,122.36917714497275,10
5,"[1, 2, 6, 7, 8, 10]",105.25466183545241,1.5728668802236665,103.68179495522874,106.82752871567608,10
5,"[1, 2, 3, 6, 7, 8, 9, 10, 13]",256.9917904038175,1.5728668802236665,255.41892352359383,258.5646572840412,10
5,"[1, 2, 3, 13, 15]",63.769620464656704,1.5728668802236665,62.19675358443304,65.34248734488037,10
5,"[8, 9]",41.553387629868794,1.5728668802236665,39.98052074964513,43.12625451009246,10
5,"[2, 7, 8, 9, 10, 14, 15]",201.5135886518159,1.5728668802236665,199.94072177159222,203.08645553203957,10
5,"[8, 1, 3]",48.8442639597208,1.5728668802236665,47.271397079497135,50.41713083994446,10
5,"[2, 7, 10, 13, 14, 15]",84.25008704914781,1.5728668802236665,82.67722016892414,85.82295392937148,10
5,"[1, 7, 8, 10, 14]",93.96632923717306,1.5728668802236665,92.39346235694939,95.53919611739673,10
5,"[1, 6, 7, 8, 9, 15]",159.0454890402109,1.5728668802236665,157.47262215998722,160.61835592043457,10
5,"[1, 3, 7, 8, 9, 10, 13, 14]",261.6848712830078,1.5728668802236665,260.1120044027841,263.25773816323147,10
5,"[1, 3, 6, 10, 15]",59.1397417119494,1.5728668802236665,57.566874831725734,60.71260859217306,10
5,"[1, 9, 13, 14, 15]",90.747605575503,1.5728668802236665,89.17473869527933,92.32047245572667,10
5,"[8, 13, 15]",39.47897188328369,1.5728668802236665,37.90610500306003,41.051838763507355,10
5,"[6, 7, 9, 14, 15]",68.17867111792484,1.5728668802236665,66.60580423770116,69.7515379981485,10
5,"[2, 3, 7, 9, 10, 14]",113.96109444861415,1.5728668802236665,112.38822756839048,115.53396132883782,10
5,"[1, 2, 3, 6, 9, 13]",99.01265729212234,1.5728668802236665,97.43979041189867,100.58552417234601,10
5,"[2, 3, 6, 8, 9, 13, 14]",186.07581955327018,1.5728668802236665,184.5029526730465,187.64868643349385,10
5,"[1, 2, 9, 10, 13, 14, 15]",140.3581216392808,1.5728668802236665,138.78525475905712,141.93098851950447,10
5,"[1, 2, 8, 9, 13, 14, 15]",188.3747527641268,1.5728668802236665,186.80188588390314,189.94761964435048,10
5,"[2, 3, 7, 9, 14, 15]",138.3869287858385,1.5728668802236665,136.81406190561484,139.95979566606218,10
5,"[1, 2, 3, 7, 8, 9, 14]",211.45861013325597,1.5728668802236665,209.8857432530323,213.03147701347964,10
5,"[3, 7, 8, 9, 13, 14]",194.2254121902184,0.3682369320823823,193.85717525813604,194.59364912230077,100
5,"[2, 3, 7, 8, 13, 14, 15]",195.57071818622995,1.5728668802236665,193.99785130600628,197.14358506645362,10
5,"[3, 13]",29.587527562836208,1.5728668802236665,28.01466068261254,31.160394443059875,10
5,"[1, 10, 3, 7]",54.751605492532306,1.5728668802236665,53.17873861230864,56.32447237275597,10
5,"[3, 6, 7, 9, 14, 15]",116.39185855758114,1.5728668802236665,114.81899167735747,117.96472543780482,10
5,"[1, 7, 8, 13, 14]",114.61220492082059,1.5728668802236665,113.03933804059692,116.18507180104426,10
5,"[2, 3, 7, 8, 14, 15]",166.82635878980972,1.5728668802236665,165.25349190958605,168.3992256700334,10
5,"[8, 2, 15, 7]",53.89696411210641,1.5728668802236665,52.324097231882746,55.469830992330074,10
5,"[2, 3, 7, 8, 9, 10, 13, 15]",250.5420239010527,1.5728668802236665,248.96915702082902,252.11489078127636,10
5,"[2, 6, 8, 9, 10, 13]",105.30046446584433,1.5728668802236665,103.72759758562066,106.873331346068,10
5,"[2, 7, 8, 10, 13, 15]",93.4511297366784,1.5728668802236665,91.87826285645473,95.02399661690207,10
5,"[2, 6, 8, 9, 14]",91.13803920052331,1.5728668802236665,89.56517232029964,92.71090608074698,10
5,"[1, 13, 14, 7]",62.85281764705586,1.5728668802236665,61.279950766832194,64.42568452727953,10
5,"[1, 2, 3, 13, 14, 15]",84.6046971753395,1.5728668802236665,83.03183029511582,86.17756405556317,10
5,"[2, 3, 6, 7]",42.00502567240137,1.5728668802236665,40.43215879217771,43.57789255262504,10
5,"[3, 6, 7, 8, 9]",144.70969177624488,1.5728668802236665,143.1368248960212,146.28255865646855,10
5,"[2, 13, 6, 15]",28.163496490403002,1.5728668802236665,26.590629610179334,29.73636337062667,10
5,"[6, 8, 9, 13, 15]",78.7067225874124,1.5728668802236665,77.13385570718873,80.27958946763607,10
5,"[1, 3, 6, 7, 8, 10, 13]",136.8780387541704,1.5728668802236665,135.30517187394673,138.45090563439408,10
5,"[1, 3, 8, 9, 13]",95.24875793999517,1.5728668802236665,93.6758910597715,96.82162482021884,10
5,"[1, 2, 3, 13]",52.534066571809966,1.5728668802236665,50.9611996915863,54.10693345203363,10
5,"[2, 7, 9, 10, 13, 15]",81.01669702102511,1.5728668802236665,79.44383014080144,82.58956390124878,10
5,"[1, 2, 3, 6, 7, 9]",145.11292005008428,1.5728668802236665,143.5400531698606,146.68578693030796,10
5,"[8, 1, 2, 3]",87.72101188888942,1.5728668802236665,86.14814500866575,89.29387876911309,10
5,"[9, 2, 6]",26.285927366631732,1.5728668802236665,24.713060486408065,27.8587942468554,10
5,"[8, 1, 14, 7]",79.7830250690734,1.5728668802236665,78.21015818884973,81.35589194929707,10
5,"[1, 2, 7, 9, 14]",57.37066603046496,1.5728668802236665,55.797799150241296,58.943532910688624,10
5,"[1, 2, 3, 8, 10, 13, 15]",121.20317253880084,1.5728668802236665,119.63030565857717,122.77603941902451,10
5,"[1, 3, 7, 8, 13]",97.87366341042119,1.5728668802236665,96.30079653019752,99.44653029064486,10
5,"[3, 13, 6]",34.06198304834492,1.5728668802236665,32.48911616812126,35.634849928568585,10
5,"[1, 2, 7, 9, 10, 13]",86.05643934849631,1.5728668802236665,84.48357246827264,87.62930622871998,10
5,"[15, 6, 7]",26.44397477675102,1.5728668802236665,24.871107896527352,28.016841656974687,10
5,"[1, 2, 3, 9, 10, 15]",170.70712646851658,1.5728668802236665,169.1342595882929,172.27999334874025,10
5,"[2, 3, 6, 10, 13]",54.16602096339422,1.5728668802236665,52.59315408317055,55.73888784361788,10
5,"[1, 7, 8, 10, 13, 14, 15]",166.0285984980665,1.5728668802236665,164.45573161784282,167.60146537829016,10
5,"[1, 2, 8, 9, 10, 15]",167.85862382677544,1.5728668802236665,166.28575694655177,169.4314907069991,10
5,"[1, 2, 6, 15]",29.06257933028403,1.5728668802236665,27.489712450060363,30.6354462105077,10
5,"[1, 6, 8, 9, 15]",78.07358113256167,1.5728668802236665,76.500714252338,79.64644801278534,10
5,"[1, 2, 6, 7, 13, 14]",101.85994190251861,1.5728668802236665,100.28707502229494,103.43280878274228,10
5,"[3, 6, 7, 14, 15]",59.778876094161305,1.5728668802236665,58.20600921393764,61.35174297438497,10
5,"[1, 6, 7, 8, 9, 10, 14, 15]",228.71764169849308,1.5728668802236665,227.1447748182694,230.29050857871675,10
5,"[1, 13, 6, 14]",35.12842999796105,1.5728668802236665,33.555563117737385,36.70129687818471,10
5,"[1, 3, 8, 9, 14, 15]",170.19184378487148,1.5728668802236665,168.6189769046478,171.76471066509515,10
5,"[1, 7, 8, 9, 13, 14]",167.63992779907883,1.5728668802236665,166.06706091885516,169.2127946793025,10
5,"[6, 7, 8, 14, 15]",110.39891866492003,1.5728668802236665,108.82605178469636,111.9717855451437,10
5,"[6, 7, 8, 9, 10, 13, 14, 15]",229.18877912731455,1.5728668802236665,227.61591224709088,230.76164600753822,10
5,"[8, 3]",39.8519344026213,1.5728668802236665,38.27906752239764,41.42480128284497,10
5,"[1, 3, 6, 9, 13, 14]",77.78772420357676,1.5728668802236665,76.21485732335309,79.36059108380043,10
5,"[2, 6, 7, 9, 13, 14, 15]",143.87789835546357,1.5728668802236665,142.3050314752399,145.45076523568724,10
5,"[2, 3, 7, 13, 15]",57.97882524047321,1.5728668802236665,56.40595836024955,59.55169212069688,10
5,"[1, 3, 6]",33.81586734628447,1.5728668802236665,32.243000466060806,35.388734226508134,10
5,"[3, 6, 8, 10, 13, 15]",78.37604375904353,1.5728668802236665,76.80317687881985,79.9489106392672,10
5,"[1, 3, 6, 10, 13, 14, 15]",88.5451840844354,1.5728668802236665,86.97231720421173,90.11805096465908,10
5,"[1, 6, 7, 10, 14]",54.529624117740255,1.5728668802236665,52.95675723751659,56.10249099796392,10
5,"[1, 2, 6, 7, 10, 13, 15]",95.26031301666164,1.5728668802236665,93.68744613643797,96.83317989688531,10
5,"[1, 2, 3, 7, 8, 14, 15]",195.19135275744156,1.5728668802236665,193.6184858772179,196.76421963766524,10
5,"[2, 8, 9, 10, 14]",132.4159247176906,1.5728668802236665,130.84305783746692,133.98879159791426,10
5,"[1, 2, 6, 7, 8, 9, 10, 13, 14]",233.09930666038946,1.5728668802236665,231.5264397801658,234.67217354061313,10
5,"[1, 2, 3, 6, 8, 9, 13, 15]",196.26920217457106,1.5728668802236665,194.6963352943474,197.84206905479473,10
5,"[1, 2, 3, 6, 8, 9, 14]",185.9801947563563,1.5728668802236665,184.40732787613263,187.55306163657997,10
5,"[2, 7, 8, 9, 13, 14, 15]",189.46784743997506,1.5728668802236665,187.8949805597514,191.04071432019873,10
5,"[10, 2, 3, 15]",51.75249715348282,1.5728668802236665,50.17963027325916,53.325364033706485,10
5,"[8, 2, 14, 15]",74.70552522307926,1.5728668802236665,73.13265834285559,76.27839210330293,10
5,"[3, 8, 9, 10, 15]",167.9014992675025,1.5728668802236665,166.32863238727882,169.47436614772616,10
5,"[1, 2, 3, 6, 7, 8, 9, 13]",221.8118715739241,1.5728668802236665,220.23900469370042,223.38473845414777,10
5,"[10, 15, 14, 7]",47.17752820341509,1.5728668802236665,45.60466132319143,48.75039508363876,10
5,"[1, 6, 7, 9, 10, 13, 15]",109.80891007148936,1.5728668802236665,108.2360431912657,111.38177695171304,10
5,"[2, 6, 8, 10, 13, 14]",89.13716898648198,1.5728668802236665,87.56430210625831,90.71003586670565,10
5,"[1, 2, 3, 6, 7, 14, 15]",118.14720803422169,1.5728668802236665,116.57434115399802,119.72007491444536,10
5,"[3, 6, 7, 8, 10, 13]",104.62743637010949,1.5728668802236665,103.05456948988582,106.20030325033316,10
5,"[1, 2, 7, 9, 10, 13, 15]",107.81228032900545,1.5728668802236665,106.23941344878178,109.38514720922912,10
5,"[8, 9, 3, 13]",86.10822448269714,1.5728668802236665,84.53535760247347,87.68109136292081,10
5,"[1, 13, 6]",22.373194819756858,1.5728668802236665,20.80032793953319,23.946061699980525,10
5,"[1, 2, 6, 10, 13]",40.59214756232537,1.5728668802236665,39.01928068210171,42.16501444254904,10
5,"[3, 6, 7, 10, 14, 15]",73.72261384513732,1.5728668802236665,72.14974696491365,75.29548072536099,10
5,"[8, 9, 3, 15]",115.87110398963546,1.5728668802236665,114.29823710941179,117.44397086985913,10
5,"[1, 3, 10, 13, 14, 15]",84.13175419192905,1.5728668802236665,82.55888731170538,85.70462107215272,10
5,"[3, 6, 7, 8, 10, 15]",89.99891933315845,1.5728668802236665,88.42605245293478,91.57178621338213,10
5,"[3, 8, 10, 13, 15]",74.13574709009485,1.5728668802236665,72.56288020987118,75.70861397031852,10
5,"[1, 3, 7, 8, 9, 14]",193.86952241689448,1.5728668802236665,192.2966555366708,195.44238929711815,10
5,"[8, 1, 10, 6]",46.74121635721786,1.5728668802236665,45.168349476994194,48.31408323744152,10
5,"[1, 2, 6, 9, 10]",53.848786693840474,1.5728668802236665,52.27591981361681,55.42165357406414,10
5,"[9, 3, 6, 7]",57.93608697690021,1.5728668802236665,56.36322009667654,59.50895385712387,10
5,"[2, 3, 6, 7, 8]",115.09752054410315,1.5728668802236665,113.52465366387948,116.67038742432682,10
5,"[2, 7, 8, 9, 10, 13, 14, 15]",226.732896424517,1.5728668802236665,225.16002954429334,228.30576330474068,10
5,"[1, 2, 9, 10, 13, 15]",80.06295899722718,1.5728668802236665,78.49009211700351,81.63582587745086,10
5,"[2, 6]",8.035245287908818,1.5728668802236665,6.462378407685152,9.608112168132484,10
5,"[6, 7, 8, 9, 13, 15]",159.59605101278117,1.5728668802236665,158.0231841325575,161.16891789300485,10
5,"[10, 13, 14, 15]",54.704155519183715,1.5728668802236665,53.13128863896005,56.27702239940738,10
5,"[1, 3, 8, 9, 10, 14]",175.65579066407247,1.5728668802236665,174.0829237838488,177.22865754429614,10
5,"[6, 10, 13, 14, 15]",59.13765483079626,1.5728668802236665,57.564787950572594,60.71052171101992,10
5,"[8, 1, 14, 15]",63.57697598368168,1.5728668802236665,62.00410910345801,65.14984286390535,10
5,"[1, 2, 9, 14, 15]",66.6517765999619,1.5728668802236665,65.07890971973823,68.22464348018558,10
5,"[8, 2, 15]",36.50543270077885,1.5728668802236665,34.93256582055518,38.07829958100251,10
5,"[2, 10, 15]",28.519728213088495,1.5728668802236665,26.946861332864827,30.092595093312163,10
5,"[9, 3, 14, 7]",62.59375684963561,1.5728668802236665,61.02088996941195,64.16662372985928,10
5,"[2, 3, 7, 8, 14]",127.59740723105656,1.5728668802236665,126.0245403508329,129.17027411128024,10
5,"[1, 2, 3, 7, 8, 9, 14, 15]",242.148277106673,1.5728668802236665,240.57541022644932,243.72114398689666,10
5,"[1, 2, 3, 7, 9, 10, 14, 15]",229.50873849547833,1.5728668802236665,227.93587161525465,231.081605375702,10
5,"[2, 3, 6, 9, 10, 14, 15]",179.64560727577816,1.5728668802236665,178.0727403955545,181.21847415600183,10
5,"[1, 3, 6, 8, 10, 13, 15]",87.53628776497867,1.5728668802236665,85.963420884755,89.10915464520234,10
5,"[3, 6, 10, 13, 14, 15]",80.15268977121784,1.5728668802236665,78.57982289099417,81.72555665144151,10
5,"[1, 3, 7, 10, 14, 15]",78.5122428104044,1.5728668802236665,76.93937593018073,80.08510969062807,10
5,"[1, 2, 3, 7, 8, 9, 13, 14]",236.49764168131892,1.5728668802236665,234.92477480109525,238.0705085615426,10
5,"[3, 7, 9, 10, 13, 14]",108.43521108515488,1.5728668802236665,106.8623442049312,110.00807796537855,10
5,"[1, 3, 7, 13, 15]",67.41601782735505,1.5728668802236665,65.84315094713138,68.98888470757872,10
5,"[1, 2, 13, 14, 15]",54.63935031819271,1.5728668802236665,53.06648343796905,56.212217198416376,10
5,"[3, 7, 8, 10, 13, 14]",114.8074715018444,1.5728668802236665,113.23460462162073,116.38033838206808,10
5,"[1, 6, 7, 13, 14, 15]",118.9865053728203,1.5728668802236665,117.41363849259663,120.55937225304397,10
5,"[8, 1, 14]",41.99336538792986,1.5728668802236665,40.4204985077062,43.56623226815353,10
5,"[1, 6, 9, 14, 15]",66.314827960004,1.5728668802236665,64.74196107978032,67.88769484022767,10
5,"[1, 10, 9, 14]",55.05166910751963,1.5728668802236665,53.478802227295965,56.62453598774329,10
5,"[1, 2, 8, 10, 14]",84.57674989384167,1.5728668802236665,83.003883013618,86.14961677406534,10
5,"[1, 3, 13, 6]",42.42768690677163,1.5728668802236665,40.85482002654797,44.0005537869953,10
5,"[1, 3, 7, 8, 10]",84.3960166489122,1.5728668802236665,82.82314976868852,85.96888352913587,10
5,"[1, 6, 9, 10, 13, 15]",79.94227558631586,1.5728668802236665,78.36940870609219,81.51514246653953,10
5,"[8, 10, 6, 15]",48.90314367766393,1.5728668802236665,47.33027679744026,50.47601055788759,10
5,"[2, 6, 9, 10, 15]",65.54866226864166,1.5728668802236665,63.975795388418,67.12152914886533,10
5,"[1, 3, 8, 9, 10, 13, 14]",214.06227349850724,1.5728668802236665,212.48940661828357,215.6351403787309,10
5,"[2, 3, 9, 10, 14, 15]",174.68981700558408,1.5728668802236665,173.1169501253604,176.26268388580775,10
5,"[1, 2, 7, 8, 9, 10, 13]",191.76286241019838,1.5728668802236665,190.1899955299747,193.33572929042205,10
5,"[1, 2, 3, 8, 9, 10, 15]",224.2514963843367,1.5728668802236665,222.67862950411302,225.82436326456036,10
5,"[1, 2, 3, 14]",54.42502662387686,1.5728668802236665,52.852159743653196,55.997893504100524,10
5,"[1, 3, 8, 9, 14]",123.90418318104264,1.5728668802236665,122.33131630081897,125.47705006126631,10
5,"[1, 3, 6, 7, 10, 13, 14, 15]",153.83478901184318,1.5728668802236665,152.2619221316195,155.40765589206686,10
5,"[1, 3, 6, 7, 8, 13, 14, 15]",190.994741817554,1.5728668802236665,189.42187493733033,192.56760869777767,10
5,"[10, 1, 2, 3]",57.853873211009045,1.5728668802236665,56.28100633078538,59.42674009123271,10
5,"[1, 3, 8, 9, 10]",129.39846472742798,1.5728668802236665,127.8255978472043,130.97133160765165,10
5,"[8, 3, 6, 7]",64.56220689278,1.5728668802236665,62.98934001255633,66.13507377300367,10
5,"[2, 3, 6, 7, 9]",71.17720658533463,1.5728668802236665,69.60433970511096,72.7500734655583,10
5,"[8, 1, 3, 13]",57.786724611191985,1.5728668802236665,56.21385773096832,59.35959149141565,10
5,"[1, 2, 3, 9, 13]",94.10702172496865,1.5728668802236665,92.53415484474498,95.67988860519232,10
5,"[6, 8, 10, 14, 15]",72.7244527181793,1.5728668802236665,71.15158583795562,74.29731959840296,10
5,"[2, 3, 7, 10, 14, 15]",74.07109199242548,1.5728668802236665,72.49822511220181,75.64395887264915,10
5,"[1, 2, 3, 6, 9, 10, 13, 14]",157.18493187700702,1.5728668802236665,155.61206499678335,158.7577987572307,10
5,"[1, 3, 6, 8, 14, 15]",88.73148128232502,1.5728668802236665,87.15861440210135,90.30434816254869,10
5,"[2, 6, 9, 10, 13, 14]",65.3630600212295,1.5728668802236665,63.79019314100584,66.93592690145317,10
5,"[1, 13]",17.689441156269858,1.5728668802236665,16.11657427604619,19.262308036493526,10
5,"[1, 2, 7, 10, 13, 14, 15]",130.50856372861347,1.5728668802236665,128.9356968483898,132.08143060883714,10
5,"[1, 2, 6, 7, 10, 13]",84.03306977842459,1.5728668802236665,82.46020289820092,85.60593665864826,10
5,"[3, 15]",31.668124154776546,1.5728668802236665,30.09525727455288,33.240991035000214,10
5,"[6, 7, 8, 9, 10, 14, 15]",203.9484973700169,1.5728668802236665,202.37563048979322,205.52136425024057,10
5,"[1, 2, 3, 6, 8, 13, 14]",165.1374620611004,1.5728668802236665,163.56459518087672,166.71032894132406,10
5,"[3, 6, 8, 9, 10, 13, 14]",209.85646827293695,1.5728668802236665,208.28360139271328,211.42933515316062,10
5,"[1, 6, 7, 9, 10, 15]",87.44058403693758,1.5728668802236665,85.86771715671391,89.01345091716125,10
5,"[10, 3, 6, 15]",50.1828969613192,1.5728668802236665,48.61003008109554,51.755763841542866,10
5,"[10, 3]",34.50425305471458,1.5728668802236665,32.93138617449092,36.077119934938246,10
5,"[2, 6, 7, 8, 9, 10, 13]",181.88755750556678,1.5728668802236665,180.3146906253431,183.46042438579045,10
5,"[3, 6, 9, 13, 15]",80.04852405599777,1.5728668802236665,78.4756571757741,81.62139093622145,10
5,"[2, 6, 7, 9, 10, 13, 14, 15]",183.2590453345821,1.5728668802236665,181.68617845435844,184.83191221480578,10
5,"[1, 2, 9]",31.31842371043,1.5728668802236665,29.745556830206333,32.89129059065367,10
5,"[2, 3, 7, 8, 9, 10]",189.88560633846024,1.5728668802236665,188.31273945823656,191.4584732186839,10
5,"[1, 3, 7, 9, 13, 14, 15]",205.33555783114534,1.5728668802236665,203.76269095092167,206.908424711369,10
5,"[14, 7]",19.785348825720163,1.5728668802236665,18.212481945496496,21.35821570594383,10
5,"[1, 6, 7, 8, 9, 13]",154.24930501474856,1.5728668802236665,152.6764381345249,155.82217189497223,10
5,"[1, 3, 6, 7, 9, 10, 14]",110.63094406984416,1.5728668802236665,109.05807718962049,112.20381095006783,10
5,"[1, 2, 6, 8, 10, 13]",69.41257061204495,1.5728668802236665,67.83970373182127,70.98543749226862,10
5,"[3, 6, 7, 13, 15]",61.69816309640679,1.5728668802236665,60.12529621618312,63.27102997663045,10
5,"[1, 6, 7, 8, 9, 10, 13, 14]",223.1433000733826,1.5728668802236665,221.57043319315892,224.71616695360626,10
5,"[2, 6, 13, 14, 15]",48.864290974841374,1.5728668802236665,47.29142409461771,50.43715785506504,10
5,"[2, 10, 13, 14]",39.27513161677287,1.5728668802236665,37.7022647365492,40.84799849699653,10
5,"[8, 9, 10, 13, 14]",143.45102130008442,1.5728668802236665,141.87815441986075,145.0238881803081,10
5,"[1, 2, 8, 9, 10, 13]",137.39485799269005,1.5728668802236665,135.82199111246638,138.96772487291372,10
5,"[1, 3, 14]",40.165624570653954,1.5728668802236665,38.59275769043029,41.73849145087762,10
5,"[9, 14]",28.4843281299306,1.5728668802236665,26.91146124970693,30.057195010154267,10
5,"[1, 2, 6, 8, 9, 13, 15]",135.8539211658636,1.5728668802236665,134.28105428563993,137.42678804608727,10
5,"[1, 2, 3, 8, 10, 14, 15]",180.00058488810276,1.5728668802236665,178.4277180078791,181.57345176832644,10
5,"[1, 6, 8, 10, 15]",57.907951182652766,1.5728668802236665,56.3350843024291,59.48081806287643,10
5,"[9, 2, 13, 7]",41.85930901967637,1.5728668802236665,40.2864421394527,43.43217589990003,10
5,"[1, 2, 3, 6, 7, 8, 10, 13]",189.56930632259662,1.5728668802236665,187.99643944237295,191.1421732028203,10
5,"[1, 2, 6, 9]",35.901696263844016,1.5728668802236665,34.32882938362035,37.47456314406768,10
5,"[2, 3, 6, 7, 9, 10, 14, 15]",190.26107197513238,1.5728668802236665,188.6882050949087,191.83393885535605,10
5,"[10, 14, 7]",33.8645343608565,1.5728668802236665,32.29166748063284,35.43740124108017,10
5,"[3, 6, 7, 8, 13, 14]",126.37388648944106,1.5728668802236665,124.80101960921739,127.94675336966473,10
5,"[3, 6, 7, 9, 15]",81.4892155317043,1.5728668802236665,79.91634865148063,83.06208241192797,10
5,"[2, 3, 6, 7, 8, 9, 14]",201.24690992032419,1.5728668802236665,199.6740430401005,202.81977680054786,10
5,"[2, 7, 8, 9, 14, 15]",161.13648223358285,1.5728668802236665,159.56361535335918,162.70934911380652,10
5,"[1, 3, 8, 10, 13, 14]",94.9074447284527,1.5728668802236665,93.33457784822903,96.48031160867637,10
5,"[2, 6, 9, 10, 13, 14, 15]",134.71036976227208,1.5728668802236665,133.1375028820484,136.28323664249575,10
5,"[1, 2, 3, 8, 9, 13, 14]",211.09856174491114,1.5728668802236665,209.52569486468747,212.6714286251348,10
5,"[2, 3, 10, 14, 15]",64.60392229742953,1.5728668802236665,63.03105541720587,66.1767891776532,10
5,"[1, 2, 3, 7, 10, 14, 15]",108.58630557378267,1.5728668802236665,107.013438693559,110.15917245400634,10
5,"[1, 3, 6, 7, 8, 9, 13, 15]",240.5014601365462,1.5728668802236665,238.92859325632253,242.07432701676987,10
5,"[1, 2, 9, 14]",42.08110575371749,1.5728668802236665,40.50823887349382,43.65397263394115,10
5,"[1, 10, 7]",33.65075059263927,1.5728668802236665,32.077883712415606,35.223617472862934,10
5,"[3, 7, 9, 10, 14]",89.97023490838879,1.5728668802236665,88.39736802816512,91.54310178861246,10
5,"[1, 2, 9, 13, 14, 15]",95.57959806590455,1.5728668802236665,94.00673118568088,97.15246494612822,10
5,"[1, 2, 3, 7, 9, 14]",131.95272330517398,1.5728668802236665,130.3798564249503,133.52559018539765,10
5,"[9, 2, 3]",56.30456370860073,1.5728668802236665,54.73169682837707,57.877430588824396,10
5,"[8, 3, 13, 15]",60.13643240682709,1.5728668802236665,58.563565526603426,61.709299287050754,10
5,"[2, 3, 9, 13, 15]",98.37645985717091,1.5728668802236665,96.80359297694724,99.94932673739459,10
5,"[2, 8, 9, 13, 15]",96.2012188457609,1.5728668802236665,94.62835196553723,97.77408572598458,10
5,"[3, 7, 10, 13, 14]",72.64076628839064,1.5728668802236665,71.06789940816697,74.21363316861431,10
5,"[1, 6, 7, 13, 14]",84.66425157693274,1.5728668802236665,83.09138469670907,86.23711845715641,10
5,"[3, 6, 9, 10, 13, 14, 15]",191.63873727978142,1.5728668802236665,190.06587039955775,193.2116041600051,10
5,"[1, 2, 8, 10, 13, 14]",117.01433078199106,1.5728668802236665,115.44146390176739,118.58719766221473,10
5,"[8, 10, 13]",42.0821548683431,1.5728668802236665,40.50928798811944,43.65502174856677,10
5,"[3, 15, 7]",40.850306024294234,1.5728668802236665,39.27743914407057,42.4231729045179,10
5,"[1, 3, 7, 8, 10, 13]",111.77130681944905,1.5728668802236665,110.19843993922538,113.34417369967272,10
5,"[1, 2, 6, 7, 9, 15]",76.13560024813873,1.5728668802236665,74.56273336791506,77.7084671283624,10
5,"[1, 3, 6, 9]",56.39150273041828,1.5728668802236665,54.81863585019462,57.964369610641945,10
5,"[1, 2, 3, 6, 8]",92.18095756278254,1.5728668802236665,90.60809068255887,93.75382444300621,10
5,"[9, 3, 13, 7]",62.83729629953611,1.5728668802236665,61.26442941931245,64.41016317975978,10
5,"[2, 3, 7, 8, 13]",124.00759493020607,1.5728668802236665,122.4347280499824,125.58046181042974,10
5,"[8, 10, 15]",44.355642368324496,1.5728668802236665,42.78277548810083,45.92850924854816,10
5,"[1, 2, 3, 6, 8, 10, 13, 14]",179.2011087843523,1.5728668802236665,177.62824190412863,180.77397566457597,10
5,"[1, 3, 15, 7]",52.11715738752277,1.5728668802236665,50.5442905072991,53.69002426774643,10
5,"[2, 3, 7, 8, 10, 13, 14]",175.09683410124774,1.5728668802236665,173.52396722102407,176.6697009814714,10
5,"[2, 3, 7, 8, 10, 14]",141.76687132570765,1.5728668802236665,140.19400444548398,143.33973820593133,10
5,"[9, 13, 7]",38.201802036060286,1.5728668802236665,36.62893515583662,39.77466891628395,10
5,"[1, 3, 6, 8, 9, 13, 15]",138.4070346175635,1.5728668802236665,136.83416773733984,139.97990149778718,10
5,"[1, 3, 8, 9, 10, 13]",138.38183102019627,1.5728668802236665,136.8089641399726,139.95469790041994,10
5,"[2, 3, 7, 9, 13, 14, 15]",193.0035706782366,1.5728668802236665,191.43070379801293,194.57643755846027,10
5,"[2, 6, 8, 9, 13, 15]",100.39597149873293,1.5728668802236665,98.82310461850926,101.9688383789566,10
5,"[1, 2, 3, 6]",48.15031037171171,1.5728668802236665,46.57744349148805,49.723177251935375,10
5,"[1, 3, 6, 8, 9]",90.55684371624389,1.5728668802236665,88.98397683602022,92.12971059646756,10
5,"[2, 6, 7, 13, 15]",44.709379046791604,1.5728668802236665,43.13651216656794,46.28224592701527,10
5,"[1, 2, 6, 7, 9, 10, 14]",89.81802847823928,1.5728668802236665,88.24516159801561,91.39089535846296,10
5,"[1, 14, 6, 7]",40.434456813143015,1.5728668802236665,38.86158993291935,42.00732369336668,10
5,"[3, 6, 9, 10, 14, 15]",154.94900871350237,1.5728668802236665,153.3761418332787,156.52187559372604,10
5,"[2, 3, 7, 13, 14, 15]",93.28877677478027,1.5728668802236665,91.7159098945566,94.86164365500395,10
5,"[1, 2, 3, 6, 7, 10, 15]",119.04592271879724,1.5728668802236665,117.47305583857357,120.61878959902091,10
5,"[1, 3, 6, 7, 8, 13, 14]",157.60448248133468,1.5728668802236665,156.031615601111,159.17734936155836,10
5,"[1, 2, 3, 8, 9, 10, 13, 15]",233.31287591065046,1.5728668802236665,231.7400090304268,234.88574279087413,10
5,"[1, 14, 6, 9]",42.117561206397674,1.5728668802236665,40.54469432617401,43.69042808662134,10
5,"[1, 2, 6, 8, 14]",75.26364347101074,1.5728668802236665,73.69077659078707,76.83651035123441,10
5,"[2, 10, 6, 15]",33.035839812835476,1.5728668802236665,31.46297293261181,34.60870669305914,10
5,"[6, 8, 9, 10, 15]",109.50576925076727,1.5728668802236665,107.9329023705436,111.07863613099094,10
5,"[1, 3, 6, 7, 10, 14, 15]",88.27886632496113,1.5728668802236665,86.70599944473746,89.8517332051848,10
5,"[2, 3, 9, 13, 14, 15]",163.33745307576328,1.5728668802236665,161.7645861955396,164.91031995598695,10
5,"[2, 6, 8, 9, 10, 13, 14]",171.44427255271273,1.5728668802236665,169.87140567248906,173.0171394329364,10
5,"[1, 6, 10, 13, 14]",48.836781012524725,1.5728668802236665,47.26391413230106,50.40964789274839,10
5,"[1, 2, 3, 6, 7, 8, 10, 14]",193.38364204072053,1.5728668802236665,191.81077516049686,194.9565089209442,10
5,"[1, 2, 3, 6, 7, 10, 13]",138.3104817988558,1.5728668802236665,136.73761491863212,139.88334867907946,10
5,"[3, 8, 9, 10, 14, 15]",210.58637108342268,1.5728668802236665,209.013504203199,212.15923796364635,10
5,"[1, 2, 3, 6, 7, 8, 13]",175.40822237424794,1.5728668802236665,173.83535549402427,176.9810892544716,10
5,"[2, 3, 6, 8, 10, 13, 15]",96.15209783164465,1.5728668802236665,94.57923095142098,97.72496471186832,10
5,"[1, 7, 10, 13, 14]",76.80812123018089,1.5728668802236665,75.23525434995722,78.38098811040456,10
5,"[6, 7, 9, 10, 14, 15]",105.31411276722326,1.5728668802236665,103.7412458869996,106.88697964744694,10
5,"[3, 6, 9, 10, 13, 14]",95.95480696091688,1.5728668802236665,94.38194008069321,97.52767384114055,10
5,"[1, 2, 3, 6, 9, 10, 14]",146.3828861691493,1.5728668802236665,144.81001928892562,147.95575304937296,10
5,"[9, 13, 6, 14]",44.44411510296721,1.5728668802236665,42.871248222743546,46.016981983190874,10
5,"[2, 6, 8, 13, 14]",75.46344410321173,1.5728668802236665,73.89057722298806,77.0363109834354,10
5,"[6, 7, 8, 10, 13, 14, 15]",156.89601468533664,1.5728668802236665,155.32314780511297,158.4688815655603,10
5,"[1, 2, 6, 8, 9, 10, 13, 14]",199.72760913164151,1.5728668802236665,198.15474225141784,201.3004760118652,10
5,"[1, 3, 13]",38.17744579285521,1.5728668802236665,36.604578912631546,39.750312673078874,10
5,"[1, 7, 8, 9, 10, 13]",175.51166641800717,1.5728668802236665,173.9387995377835,177.08453329823084,10
5,"[1, 6, 7, 8, 9, 13, 15]",187.4276881124085,1.5728668802236665,185.85482123218483,189.00055499263217,10
5,"[3, 6, 7, 10, 15]",61.14236061739357,1.5728668802236665,59.56949373716991,62.715227497617235,10
5,"[2, 3, 6, 13, 14, 15]",71.99423279058983,1.5728668802236665,70.42136591036616,73.5670996708135,10
5,"[14, 13, 6, 7]",55.87540971755086,1.5728668802236665,54.302542837327195,57.44827659777452,10
5,"[1, 6, 7, 8, 9, 14]",158.08825272380525,1.5728668802236665,156.51538584358158,159.66111960402893,10
5,"[1, 2, 8, 9, 14]",122.02937828354706,1.5728668802236665,120.45651140332339,123.60224516377073,10
5,"[1, 2, 6, 7, 8, 10, 13, 14]",165.87374230202022,1.5728668802236665,164.30087542179655,167.4466091822439,10
5,"[2, 3, 13, 6]",40.15617139915966,1.5728668802236665,38.583304518935996,41.729038279383325,10
5,"[3, 6, 8, 9, 13]",90.83906941652513,1.5728668802236665,89.26620253630146,92.4119362967488,10
5,"[1, 2, 3, 7]",70.42846730070323,1.5728668802236665,68.85560042047956,72.0013341809269,10
5,"[1, 3, 7, 8, 9]",153.43771693866418,1.5728668802236665,151.8648500584405,155.01058381888785,10
5,"[2, 3, 7, 9, 10, 15]",145.15355816112393,1.5728668802236665,143.58069128090025,146.7264250413476,10
5,"[1, 2, 6, 7, 8, 9]",141.687620479317,1.5728668802236665,140.11475359909332,143.26048735954066,10
5,"[3, 6, 9, 10, 15]",111.54945232881546,1.5728668802236665,109.97658544859179,113.12231920903913,10
5,"[3, 7, 8, 9, 13, 15]",195.2034798797162,1.5728668802236665,193.63061299949254,196.77634675993988,10
5,"[2, 3, 6, 8, 10, 14]",108.97394183765542,1.5728668802236665,107.40107495743175,110.54680871787909,10
5,"[3, 15, 13, 7]",52.00758504157187,1.5728668802236665,50.43471816134821,53.580451921795536,10
5,"[1, 2, 6, 7, 8, 9, 13, 14, 15]",226.57170750150422,1.5728668802236665,224.99884062128055,228.1445743817279,10
5,"[9, 3, 13, 6]",56.588757223244954,1.5728668802236665,55.01589034302129,58.16162410346862,10
5,"[2, 3, 6, 7, 10]",55.90707600158892,1.5728668802236665,54.334209121365255,57.47994288181258,10
5,"[2, 3, 6, 8, 13]",71.1523776054888,1.5728668802236665,69.57951072526512,72.72524448571247,10
5,"[2, 3, 6, 7, 15]",53.060596071894885,1.5728668802236665,51.48772919167122,54.63346295211855,10
5,"[8, 1, 10]",42.320205207173984,1.5728668802236665,40.74733832695032,43.89307208739765,10
5,"[1, 2, 7, 10, 13]",64.71875706454487,1.5728668802236665,63.14589018432121,66.29162394476855,10
5,"[8, 2, 10, 14]",57.954796937200726,1.5728668802236665,56.38193005697706,59.52766381742439,10
5,"[2, 7, 8, 13, 14, 15]",140.2095711401791,1.5728668802236665,138.63670425995542,141.78243802040276,10
5,"[1, 3, 7, 8, 14]",100.8841217077811,1.5728668802236665,99.31125482755743,102.45698858800478,10
5,"[6, 7, 10, 14, 15]",53.399352153122855,1.5728668802236665,51.82648527289919,54.97221903334652,10
5,"[6, 8, 13, 14, 15]",88.0749678728992,1.5728668802236665,86.50210099267552,89.64783475312286,10
5,"[9, 3, 7]",52.0888983936336,1.5728668802236665,50.516031513409935,53.66176527385726,10
5,"[8, 1, 3, 15]",59.45351249929289,1.5728668802236665,57.88064561906923,61.026379379516555,10
5,"[1, 2, 3, 9, 15]",125.22318221516593,1.5728668802236665,123.65031533494226,126.7960490953896,10
5,"[1, 10, 13, 7]",49.78441420258345,1.5728668802236665,48.211547322359785,51.35728108280711,10
5,"[1, 2, 3, 6, 7, 8, 10]",161.33337688458636,1.5728668802236665,159.7605100043627,162.90624376481003,10
5,"[2, 7, 10, 14, 15]",50.944257191495474,1.5728668802236665,49.37139031127181,52.51712407171914,10
5,"[2, 3, 8, 9, 14, 15]",186.77966200173003,1.5728668802236665,185.20679512150636,188.3525288819537,10
5,"[1, 2, 3, 9, 13, 14, 15]",192.25997013671304,1.5728668802236665,190.68710325648937,193.8328370169367,10
5,"[10, 13, 7]",33.79019518091822,1.5728668802236665,32.217328300694554,35.36306206114188,10
5,"[1, 10, 6]",26.91912537536703,1.5728668802236665,25.346258495143363,28.4919922555907,10
5,"[1, 3, 9, 14, 15]",110.27408557825845,1.5728668802236665,108.70121869803478,111.84695245848212,10
5,"[1, 3, 8, 9, 10, 14, 15]",218.8186342542114,1.5728668802236665,217.24576737398772,220.39150113443506,10
5,"[7, 8, 9, 13, 14, 15]",172.821508454971,1.5728668802236665,171.24864157474732,174.39437533519467,10
5,"[9, 2, 3, 13]",64.97715584536753,1.5728668802236665,63.40428896514387,66.5500227255912,10
5,"[3, 6, 7, 8, 9, 10, 14, 15]",256.96605760355743,1.5728668802236665,255.39319072333376,258.5389244837811,10
5,"[1, 3, 6, 7, 14]",60.790619297115754,1.5728668802236665,59.21775241689209,62.36348617733942,10
5,"[1, 2, 3, 7, 10, 13, 14, 15]",184.86662682065486,1.5728668802236665,183.2937599404312,186.43949370087853,10
5,"[1, 3, 9, 10, 13, 15]",124.6893785539351,1.5728668802236665,123.11651167371143,126.26224543415877,10
5,"[6, 7, 13, 14, 15]",89.21303482807627,1.5728668802236665,87.6401679478526,90.78590170829995,10
5,"[1, 2, 3, 6, 7, 14]",104.59254772913,1.5728668802236665,103.01968084890633,106.16541460935368,10
5,"[1, 2, 7, 8, 10, 14, 15]",154.27789014157628,1.5728668802236665,152.7050232613526,155.85075702179995,10
5,"[1, 2, 3, 8, 10, 13, 14]",174.5104680629375,1.5728668802236665,172.93760118271382,176.08333494316116,10
5,"[1, 2, 6, 7, 9, 13, 14]",119.96667571701114,1.5728668802236665,118.39380883678747,121.53954259723481,10
5,"[1, 3, 7, 8, 10, 14, 15]",153.89570671516455,1.5728668802236665,152.32283983494088,155.46857359538822,10
5,"[10, 6, 14]",29.15094219016523,1.5728668802236665,27.578075309941564,30.7238090703889,10
5,"[1, 2, 7, 8, 9, 14]",155.56156775984635,1.5728668802236665,153.98870087962268,157.13443464007003,10
5,"[1, 2, 10, 13, 14, 15]",68.7390814353258,1.5728668802236665,67.16621455510213,70.31194831554947,10
5,"[2, 3, 6, 8, 13, 14]",131.22797697535984,1.5728668802236665,129.65511009513617,132.8008438555835,10
5,"[2, 6, 7, 10, 14, 15]",56.804488294979095,1.5728668802236665,55.23162141475543,58.37735517520276,10
5,"[2, 3, 6, 7, 9, 10, 13, 14, 15]",242.03689703349232,1.5728668802236665,240.46403015326865,243.609763913716,10
5,"[1, 2, 3, 7, 9, 13, 15]",188.19073230260096,1.5728668802236665,186.6178654223773,189.76359918282463,10
5,"[6, 7, 9, 13, 15]",62.553570801831725,1.5728668802236665,60.98070392160806,64.1264376820554,10
5,"[8, 1, 2, 15]",53.19065562269991,1.5728668802236665,51.61778874247624,54.76352250292357,10
5,"[10, 15, 6, 7]",40.3695858209212,1.5728668802236665,38.79671894069754,41.942452701144866,10
5,"[1, 3, 6, 8, 13]",62.09459219659639,1.5728668802236665,60.521725316372724,63.66745907682005,10
5,"[3, 7, 9, 13, 14, 15]",176.06698915409243,1.5728668802236665,174.49412227386875,177.6398560343161,10
5,"[3, 6, 8, 9, 10, 14, 15]",214.86467398825283,1.5728668802236665,213.29180710802916,216.4375408684765,10
5,"[1, 2, 3, 7, 10, 13]",116.80245443039328,1.5728668802236665,115.22958755016961,118.37532131061695,10
5,"[2, 3, 6, 7, 8, 10, 13, 15]",172.78914483227658,1.5728668802236665,171.2162779520529,174.36201171250025,10
5,"[1, 2, 3, 6, 10, 13]",71.17876316573958,1.5728668802236665,69.60589628551591,72.75163004596325,10
5,"[8, 10, 3, 14]",67.76397496868739,1.5728668802236665,66.19110808846372,69.33684184891106,10
5,"[2, 3, 9, 10, 14]",104.63431799131622,1.5728668802236665,103.06145111109255,106.2071848715399,10
5,"[1, 3, 7, 10, 13]",70.46124011923793,1.5728668802236665,68.88837323901426,72.0341069994616,10
5,"[2, 8, 9, 10, 15]",133.52174117520218,1.5728668802236665,131.9488742949785,135.09460805542585,10
5,"[1, 2, 3, 8, 9, 15]",182.5209188652702,1.5728668802236665,180.94805198504653,184.09378574549388,10
5,"[1, 2, 10, 13, 14]",48.94066339347371,1.5728668802236665,47.36779651325005,50.51353027369738,10
5,"[1, 13, 14]",30.452675339063,1.5728668802236665,28.87980845883933,32.02554221928666,10
5,"[8, 6, 15]",34.78977175300447,1.5728668802236665,33.21690487278081,36.36263863322814,10
5,"[1, 2, 3, 6, 9, 13, 15]",139.0464421909496,1.5728668802236665,137.47357531072592,140.61930907117326,10
5,"[1, 6, 7, 8, 14, 15]",142.227298264202,1.5728668802236665,140.65443138397833,143.80016514442568,10
5,"[2, 15, 13, 7]",34.94145099761517,1.5728668802236665,33.36858411739151,36.514317877838835,10
5,"[7, 8, 9, 13, 15]",134.24035478500485,1.5728668802236665,132.66748790478118,135.81322166522853,10
5,"[1, 3, 6, 7, 8, 9, 13, 14, 15]",267.988903617717,1.5728668802236665,266.41603673749336,269.5617704979407,10
5,"[1, 6, 7, 9, 13, 14, 15]",167.5691372272783,1.5728668802236665,165.99627034705463,169.14200410750198,10
5,"[1, 3, 6, 7, 8, 9, 10, 14]",251.40133413942527,1.5728668802236665,249.8284672592016,252.97420101964894,10
5,"[3, 7, 8, 9, 10, 13, 14]",236.29570159556806,1.5728668802236665,234.7228347153444,237.86856847579173,10
5,"[1, 7, 9, 10, 13, 14]",98.44900328256647,1.5728668802236665,96.8761364023428,100.02187016279014,10
5,"[8, 10]",33.267666130365384,1.5728668802236665,31.694799250141717,34.84053301058905,10
5,"[1, 2, 6, 10, 13, 14, 15]",72.99032452409088,1.5728668802236665,71.41745764386721,74.56319140431455,10
5,"[2, 3, 6, 7, 8, 10]",129.22391749141138,1.5728668802236665,127.65105061118771,130.79678437163506,10
5,"[1, 3, 6, 7, 8, 9]",180.30750498044816,1.5728668802236665,178.7346381002245,181.88037186067183,10
5,"[2, 6, 8, 10, 13, 15]",63.77299809003232,1.5728668802236665,62.20013120980865,65.34586497025599,10
5,"[10, 9, 2, 3]",93.90843966699353,1.5728668802236665,92.33557278676986,95.4813065472172,10
5,"[1, 2, 3, 8, 10, 13]",110.27512867723792,1.5728668802236665,108.70226179701424,111.84799555746159,10
5,"[1, 2, 6]",17.873913155700357,1.5728668802236665,16.30104627547669,19.446780035924025,10
5,"[1, 2, 6, 9, 10, 14]",64.6731744453747,1.5728668802236665,63.100307565151034,66.24604132559837,10
5,"[1, 2, 6, 8, 9, 14]",126.22559369418323,1.5728668802236665,124.65272681395956,127.7984605744069,10
5,"[9, 10, 14, 7]",55.413708060253555,1.5728668802236665,53.84084118002989,56.98657494047722,10
5,"[1, 2, 14, 7]",38.98764918807494,1.5728668802236665,37.414782307851276,40.560516068298604,10
5,"[2, 7, 8, 10, 14]",85.07696311564834,1.5728668802236665,83.50409623542467,86.64982999587201,10
5,"[1, 7, 8, 9, 14]",133.0060525667545,1.5728668802236665,131.43318568653083,134.57891944697818,10
5,"[8, 14, 7]",52.00589239804526,1.5728668802236665,50.4330255178216,53.578759278268926,10
5,"[2, 3, 13, 14, 15]",67.66724552943609,1.5728668802236665,66.09437864921242,69.24011240965976,10
5,"[1, 3, 6, 7, 8, 10, 13, 14]",171.96264549928623,1.5728668802236665,170.38977861906255,173.5355123795099,10
5,"[1, 2, 3, 6, 7, 13, 14]",154.88686153233,1.5728668802236665,153.31399465210632,156.45972841255366,10
5,"[1, 2, 6, 8, 10, 14, 15]",126.17588013431632,1.5728668802236665,124.60301325409264,127.74874701453999,10
5,"[1, 13, 6, 7]",52.15930062953362,1.5728668802236665,50.586433749309954,53.73216750975728,10
5,"[2, 3, 6, 8, 13, 14, 15]",170.66193416768607,1.5728668802236665,169.0890672874624,172.23480104790974,10
5,"[2, 6, 7, 9, 13, 14]",77.08498314873506,1.5728668802236665,75.51211626851139,78.65785002895873,10
5,"[2, 3, 6, 9, 14, 15]",133.57201457017135,1.5728668802236665,131.99914768994768,135.14488145039502,10
5,"[1, 6, 9, 13, 14]",53.34102857074307,1.5728668802236665,51.768161690519406,54.913895450966734,10
5,"[8, 2, 13, 14]",70.91063867387922,1.5728668802236665,69.33777179365555,72.48350555410289,10
5,"[1, 14, 15]",32.59404537515222,1.5728668802236665,31.021178494928552,34.166912255375884,10
5,"[2, 3, 6, 7, 8, 10, 13, 14, 15]",223.49953851365663,1.5728668802236665,221.92667163343296,225.0724053938803,10
5,"[1, 3, 7, 10, 15]",65.7967326885273,1.5728668802236665,64.22386580830363,67.36959956875097,10
5,"[3, 6, 8, 9, 10, 15]",172.16448766110312,1.5728668802236665,170.59162078087945,173.7373545413268,10
5,"[1, 10, 13, 6]",36.1226896394629,1.5728668802236665,34.549822759239234,37.69555651968656,10
5,"[6, 7, 8, 9, 10, 13]",165.75646862255664,1.5728668802236665,164.18360174233297,167.3293355027803,10
5,"[1, 2, 6, 7, 10, 14, 15]",81.62611618428637,1.5728668802236665,80.0532493040627,83.19898306451005,10
5,"[9, 3, 6]",47.51642479570821,1.5728668802236665,45.94355791548455,49.089291675931875,10
5,"[1, 3, 6, 8, 14]",66.73416922795663,1.5728668802236665,65.16130234773296,68.3070361081803,10
5,"[2, 14, 6, 7]",29.56857798938492,1.5728668802236665,27.995711109161252,31.141444869608588,10
5,"[6, 7, 8, 9, 14]",124.5473635020029,1.5728668802236665,122.97449662177922,126.12023038222657,10
5,"[1, 6, 7, 8, 10, 13, 15]",127.35783249460333,1.5728668802236665,125.78496561437966,128.930699374827,10
5,"[2, 6, 7, 8, 13, 15]",102.14559171475295,1.5728668802236665,100.57272483452928,103.71845859497662,10
5,"[1, 6, 7, 8, 9, 10, 15]",199.46486271482362,1.5728668802236665,197.89199583459995,201.0377295950473,10
5,"[1, 2, 6, 8, 9]",87.53861730722859,1.5728668802236665,85.96575042700492,89.11148418745226,10
5,"[3, 6, 8, 9, 13, 15]",129.45005172136376,1.5728668802236665,127.87718484114009,131.02291860158743,10
5,"[13, 6, 14]",26.00982795374899,1.5728668802236665,24.43696107352532,27.582694833972656,10
5,"[2, 3, 15, 7]",46.66240033543052,1.5728668802236665,45.089533455206855,48.23526721565418,10
5,"[3, 7, 8, 9, 15]",158.0958101851878,1.5728668802236665,156.52294330496412,159.66867706541146,10
5,"[2, 3, 8, 9, 10, 13, 14, 15]",254.23874872400893,1.5728668802236665,252.66588184378526,255.8116156042326,10
5,"[1, 2, 3, 6, 7, 8, 9, 10, 13, 15]",284.8845436826588,1.5728668802236665,283.3116768024351,286.45741056288244,10
5,"[2, 3, 7, 8, 9, 13, 14, 15]",242.06751950571024,1.5728668802236665,240.49465262548657,243.6403863859339,10
5,"[8, 13, 14, 15]",83.5384034899187,1.5728668802236665,81.96553660969502,85.11127037014236,10
5,"[2, 9, 13, 14, 15]",85.32095934790752,1.5728668802236665,83.74809246768385,86.89382622813119,10
5,"[8, 10, 13, 14]",65.683353155817,1.5728668802236665,64.11048627559333,67.25622003604067,10
5,"[2, 9, 10, 13, 14]",60.889461603177914,1.5728668802236665,59.31659472295425,62.46232848340158,10
5,"[2, 6, 7, 8, 10, 13, 14]",139.09873785094734,1.5728668802236665,137.52587097072367,140.67160473117102,10
5,"[9, 2, 3, 15]",89.61489570758599,1.5728668802236665,88.04202882736232,91.18776258780966,10
5,"[1, 3, 6, 7, 9, 15]",96.09139873391446,1.5728668802236665,94.51853185369079,97.66426561413813,10
5,"[3, 13, 15]",41.00535589332834,1.5728668802236665,39.43248901310468,42.57822277355201,10
5,"[9, 15, 14, 7]",61.98837911761176,1.5728668802236665,60.41551223738809,63.56124599783542,10
5,"[2, 7, 8, 14, 15]",108.04009781387387,1.5728668802236665,106.4672309336502,109.61296469409754,10
5,"[1, 3, 6, 7, 13, 14, 15]",139.70042505773455,1.5728668802236665,138.12755817751088,141.27329193795822,10
5,"[1, 2, 6, 10, 15]",43.261416282278425,1.5728668802236665,41.68854940205476,44.83428316250209,10
5,"[1, 2, 7, 8, 9, 10, 13, 14]",220.84172645887588,1.5728668802236665,219.2688595786522,222.41459333909955,10
5,"[13, 14, 7]",38.06649545750888,1.5728668802236665,36.493628577285214,39.63936233773254,10
5,"[2, 3, 6, 7, 9, 13, 14, 15]",207.13813812560215,1.5728668802236665,205.56527124537848,208.71100500582583,10
5,"[1, 2, 3, 9, 10, 13, 15]",179.62005079552367,1.5728668802236665,178.0471839153,181.19291767574734,10
5,"[2, 7, 10, 13, 14]",55.525598296178586,1.5728668802236665,53.95273141595492,57.09846517640225,10
5,"[8, 1, 10, 7]",63.49546962642783,1.5728668802236665,61.92260274620416,65.06833650665149,10
5,"[1, 2, 7, 9, 10]",63.881585621849844,1.5728668802236665,62.30871874162618,65.45445250207351,10
5,"[8, 1, 2]",41.9505924314323,1.5728668802236665,40.377725551208634,43.52345931165596,10
5,"[1, 3, 9, 13, 14, 15]",148.90322265281205,1.5728668802236665,147.33035577258838,150.47608953303572,10
5,"[9, 10, 13, 14, 15]",126.69221596460515,1.5728668802236665,125.11934908438148,128.2650828448288,10
5,"[1, 3, 6, 7, 8, 9, 10, 14, 15]",279.87072526551,1.5728668802236665,278.2978583852863,281.44359214573365,10
5,"[1, 3, 6, 8, 10, 14]",81.3085878053807,1.5728668802236665,79.73572092515703,82.88145468560437,10
5,"[1, 2, 3, 6, 7, 9, 13, 15]",202.7703650317763,1.5728668802236665,201.19749815155262,204.34323191199996,10
5,"[1, 3, 6, 7, 8, 10]",104.75543769151295,1.5728668802236665,103.18257081128928,106.32830457173662,10
5,"[1, 3, 9, 14]",62.031981854633806,1.5728668802236665,60.45911497441014,63.60484873485747,10
5,"[1, 2, 3, 8, 14]",126.58589580504614,1.5728668802236665,125.01302892482246,128.1587626852698,10
5,"[1, 2, 6, 7, 8, 9, 13, 15]",199.68693894758366,1.5728668802236665,198.11407206735998,201.25980582780733,10
5,"[1, 2, 6, 8, 10, 14]",89.10438455937559,1.5728668802236665,87.53151767915192,90.67725143959926,10
5,"[1, 2, 3, 6, 8, 9, 10, 13, 14]",252.57334515896574,1.5728668802236665,251.00047827874207,254.1462120391894,10
5,"[2, 3, 7, 8, 9]",142.77662928021482,1.5728668802236665,141.20376239999115,144.3494961604385,10
5,"[1, 9, 14]",37.48746761970172,1.5728668802236665,35.914600739478054,39.06033449992538,10
5,"[3, 7, 8, 9, 14, 15]",199.4465326551169,1.5728668802236665,197.87366577489323,201.01939953534057,10
5,"[6, 7, 8, 10, 13, 15]",94.80648964964176,1.5728668802236665,93.23362276941809,96.37935652986543,10
5,"[1, 3, 7, 9, 10]",90.10153800798025,1.5728668802236665,88.52867112775658,91.67440488820392,10
5,"[1, 2, 3, 6, 7, 8, 10, 13, 14]",218.2307941533451,1.5728668802236665,216.65792727312143,219.80366103356877,10
5,"[2, 8, 9, 10, 13, 14]",166.82471673383014,1.5728668802236665,165.25184985360647,168.39758361405381,10
5,"[1, 2, 3, 7, 9, 10, 15]",200.50291078127685,1.5728668802236665,198.93004390105318,202.07577766150052,10
5,"[2, 3, 6, 9, 13, 14, 15]",168.22380297918244,1.5728668802236665,166.65093609895877,169.7966698594061,10
5,"[1, 2, 6, 7, 8, 10, 14, 15]",171.47941385974644,1.5728668802236665,169.90654697952277,173.05228073997012,10
5,"[1, 6, 7, 9, 13, 14]",102.43281557142473,1.5728668802236665,100.85994869120105,104.0056824516484,10
5,"[8, 1, 10, 13]",51.14425236660374,1.5728668802236665,49.57138548638007,52.7171192468274,10
5,"[8, 7]",31.41109628818582,1.5728668802236665,29.838229407962153,32.98396316840949,10
5,"[1, 2, 9, 10, 13]",57.85417450742149,1.5728668802236665,56.281307627197826,59.427041387645154,10
5,"[1, 3, 7, 8, 9, 13, 15]",225.26631028432044,1.5728668802236665,223.69344340409677,226.8391771645441,10
5,"[3, 6, 8, 14, 15]",80.16600478166387,1.5728668802236665,78.5931379014402,81.73887166188754,10
5,"[1, 3, 8, 9, 13, 15]",133.85097090648753,1.5728668802236665,132.27810402626386,135.4238377867112,10
5,"[1, 2, 14]",24.298270626964236,1.5728668802236665,22.725403746740568,25.871137507187903,10
5,"[1, 2, 3, 7, 15]",81.41246458661251,1.5728668802236665,79.83959770638884,82.98533146683619,10
5,"[3, 6, 7, 8, 10, 13, 14]",140.63211821572776,1.5728668802236665,139.0592513355041,142.20498509595143,10
5,"[1, 3, 7]",40.48703342631903,1.5728668802236665,38.914166546095366,42.059900306542694,10
5,"[1, 2, 3, 7, 10]",84.60902002077684,1.5728668802236665,83.03615314055317,86.18188690100051,10
5,"[1, 2, 6, 7, 9, 14, 15]",96.50558768254554,1.5728668802236665,94.93272080232187,98.07845456276921,10
5,"[1, 3, 6, 8, 10, 13]",75.9898666282269,1.5728668802236665,74.41699974800324,77.56273350845058,10
5,"[2, 6, 7, 10, 13]",47.46556743866571,1.5728668802236665,45.892700558442044,49.03843431888937,10
5,"[1, 2, 7, 9, 10, 14]",74.80295581598257,1.5728668802236665,73.2300889357589,76.37582269620624,10
5,"[9, 15]",32.82540607047815,1.5728668802236665,31.252539190254485,34.398272950701816,10
5,"[13, 6, 7]",29.598290122168113,1.5728668802236665,28.025423241944445,31.17115700239178,10
5,"[1, 2, 3, 6, 7, 13]",124.3533866815227,1.5728668802236665,122.78051980129902,125.92625356174636,10
5,"[1, 2, 3, 6, 7, 8, 9, 10, 14]",261.4219520813632,1.5728668802236665,259.84908520113953,262.9948189615869,10
5,"[1, 8, 10, 13, 14]",74.53305749461654,1.5728668802236665,72.96019061439287,76.10592437484021,10
5,"[1, 2, 7, 8, 13, 14, 15]",167.42458784510217,1.5728668802236665,165.8517209648785,168.99745472532584,10
5,"[6, 7]",15.178804221165592,1.5728668802236665,13.605937340941926,16.75167110138926,10
5,"[1, 6, 8, 9, 13, 14]",108.42731498738047,1.5728668802236665,106.8544481071568,110.00018186760414,10
5,"[1, 3, 9]",51.808434669075645,1.5728668802236665,50.23556778885198,53.38130154929931,10
5,"[3, 6, 7, 9, 10, 13, 14, 15]",232.15655391210475,1.5728668802236665,230.58368703188108,233.72942079232843,10
5,"[6, 9, 10, 13, 15]",70.97705388287882,1.5728668802236665,69.40418700265515,72.54992076310249,10
5,"[1, 7, 9, 10, 14]",66.34650889320967,1.5728668802236665,64.773642012986,67.91937577343334,10
5,"[10, 15, 7]",34.46623597337327,1.5728668802236665,32.89336909314961,36.03910285359694,10
5,"[2, 3, 9, 10, 13, 15]",144.86758545069355,1.5728668802236665,143.29471857046988,146.44045233091722,10
5,"[2, 10]",17.4635048452902,1.5728668802236665,15.890637965066533,19.036371725513867,10
5,"[1, 6, 8, 10, 13, 14, 15]",110.74869898195121,1.5728668802236665,109.17583210172754,112.32156586217488,10
5,"[1, 10, 6, 9]",48.71999309745193,1.5728668802236665,47.14712621722827,50.2928599776756,10
5,"[1, 2, 6, 8, 10]",60.686125148399036,1.5728668802236665,59.11325826817537,62.2589920286227,10
5,"[2, 15]",14.766142149531984,1.5728668802236665,13.193275269308318,16.33900902975565,10
5,"[8, 1, 6]",32.467783182035234,1.5728668802236665,30.894916301811566,34.0406500622589,10
5,"[3, 14, 6, 7]",46.46369184873333,1.5728668802236665,44.89082496850967,48.036558728957,10
5,"[1, 3, 6, 7, 8, 9, 13, 14]",239.3732043796926,1.5728668802236665,237.80033749946892,240.94607125991627,10
5,"[9, 10, 15]",57.802524591381584,1.5728668802236665,56.22965771115792,59.37539147160525,10
5,"[2, 7, 9, 10, 13, 14, 15]",164.9009660989903,1.5728668802236665,163.32809921876662,166.47383297921397,10
5,"[8, 2, 3, 15]",68.77425261351624,1.5728668802236665,67.20138573329257,70.34711949373991,10
5,"[1, 6, 7, 9, 13]",71.13995005290465,1.5728668802236665,69.56708317268098,72.71281693312832,10
5,"[2, 3, 7, 8, 13, 14]",161.24078090737405,1.5728668802236665,159.66791402715037,162.81364778759772,10
5,"[1, 2, 8, 9, 10]",128.53416954762451,1.5728668802236665,126.96130266740084,130.1070364278482,10
5,"[1, 2, 6, 7, 8, 13, 14, 15]",181.50138941277652,1.5728668802236665,179.92852253255285,183.0742562930002,10
5,"[1, 2, 6, 7, 10, 13, 14, 15]",147.16182765782884,1.5728668802236665,145.58896077760517,148.7346945380525,10
5,"[2, 3, 6, 10, 13, 15]",65.47666017726519,1.5728668802236665,63.903793297041524,67.04952705748886,10
5,"[1, 2, 6, 7, 8, 10, 15]",116.38746147356198,1.5728668802236665,114.81459459333831,117.96032835378566,10
5,"[2, 3, 6, 8, 9, 10, 13, 15]",207.61436925340695,1.5728668802236665,206.04150237318328,209.18723613363062,10
5,"[1, 3, 6, 8, 10, 14, 15]",102.6185596624305,1.5728668802236665,101.04569278220683,104.19142654265417,10
5,"[1, 2, 6, 7, 9, 13]",88.3820529245236,1.5728668802236665,86.80918604429993,89.95491980474728,10
5,"[1, 2, 8, 9, 10, 13, 14]",195.5191555046472,1.5728668802236665,193.94628862442352,197.09202238487086,10
5,"[8, 10, 13, 14, 15]",97.69629683915346,1.5728668802236665,96.12342995892979,99.26916371937713,10
5,"[1, 2, 3, 6, 8, 13, 14, 15]",198.7967075213898,1.5728668802236665,197.22384064116613,200.36957440161348,10
5,"[1, 3, 8, 10, 14]",76.63319215658728,1.5728668802236665,75.06032527636361,78.20605903681096,10
5,"[6, 9, 10, 13, 14, 15]",130.8756453034452,1.5728668802236665,129.30277842322153,132.44851218366887,10
5,"[1, 2, 3, 6, 7, 9, 10, 15]",214.8189624027635,1.5728668802236665,213.24609552253983,216.39182928298717,10
5,"[8, 1, 7]",49.50718903869043,1.5728668802236665,47.93432215846676,51.08005591891409,10
5,"[2, 3, 6, 8, 9, 10]",157.10448439894827,1.5728668802236665,155.5316175187246,158.67735127917194,10
5,[],-0.17338475542141374,1.5728668802236665,-1.7462516356450801,1.3994821248022529,10
5,"[1, 2, 6, 7, 8, 9, 10, 14]",210.43097071779485,1.5728668802236665,208.85810383757118,212.00383759801852,10
5,"[1, 2, 7, 13, 15]",61.78756371105594,1.5728668802236665,60.214696830832274,63.3604305912796,10
5,"[6, 7, 9, 13, 14, 15]",140.03035498395397,1.5728668802236665,138.4574881037303,141.60322186417764,10
5,"[1, 2, 7, 10, 14, 15]",66.61729677716662,1.5728668802236665,65.04442989694294,68.19016365739029,10
5,"[1, 2, 3, 7, 9, 10, 13, 14, 15]",252.4494763172433,1.5728668802236665,250.87660943701962,254.02234319746697,10
5,"[1, 2, 3, 10, 13, 14]",79.76943201722551,1.5728668802236665,78.19656513700184,81.34229889744918,10
5,"[1, 2, 6, 8, 13, 14, 15]",143.94522461515552,1.5728668802236665,142.37235773493185,145.5180914953792,10
5,"[1, 2, 3, 8, 13, 14]",160.65523554717018,1.5728668802236665,159.0823686669465,162.22810242739385,10
5,"[2, 6, 10, 13, 14, 15]",62.93506002763377,1.5728668802236665,61.3621931474101,64.50792690785744,10
5,"[1, 2, 6, 8, 10, 13, 15]",80.58458777865202,1.5728668802236665,79.01172089842835,82.1574546588757,10
5,"[2, 6, 8, 9, 10, 14, 15]",176.57885738915485,1.5728668802236665,175.00599050893118,178.15172426937852,10
5,"[1, 13, 6, 9]",40.27431874222795,1.5728668802236665,38.701451862004284,41.84718562245161,10
5,"[1, 2, 6, 8, 13]",55.48065482726635,1.5728668802236665,53.907787947042685,57.05352170749001,10
5,"[10, 3, 15]",45.86106193757373,1.5728668802236665,44.288195057350066,47.433928817797394,10
5,"[8, 3, 15]",51.373021509558534,1.5728668802236665,49.80015462933487,52.9458883897822,10
5,"[1, 15, 6, 9]",45.706761215433474,1.5728668802236665,44.13389433520981,47.27962809565714,10
5,"[1, 2, 6, 8, 15]",57.7965910307657,1.5728668802236665,56.22372415054203,59.36945791098936,10
5,"[1, 6, 10, 13, 15]",47.58001088454591,1.5728668802236665,46.00714400432225,49.15287776476958,10
5,"[1, 2, 3, 8, 14, 15]",166.03767501145347,1.5728668802236665,164.4648081312298,167.61054189167714,10
5,"[3, 6]",25.438641931011517,1.5728668802236665,23.86577505078785,27.011508811235185,10
5,"[3, 7, 8, 9, 10, 13, 14, 15]",267.7153718987614,1.5728668802236665,266.14250501853775,269.2882387789851,10
5,"[10, 15, 13, 7]",45.48705942659874,1.5728668802236665,43.91419254637508,47.059926306822405,10
5,"[2, 3, 8, 9, 10]",152.41658102614232,1.5728668802236665,150.84371414591865,153.989447906366,10
5,"[8, 6]",23.83271910444131,1.5728668802236665,22.259852224217642,25.405585984664977,10
5,"[2, 3, 6, 7, 10, 13, 14, 15]",130.53017026158412,1.5728668802236665,128.95730338136045,132.1030371418078,10
5,"[1, 2, 3, 9, 10, 14]",141.78699466776445,1.5728668802236665,140.21412778754078,143.35986154798812,10
5,"[1, 2, 3, 6, 9, 10, 15]",174.9684746092559,1.5728668802236665,173.39560772903224,176.54134148947958,10
5,"[1, 2, 3, 6, 7, 8, 9, 10]",234.2769853221323,1.5728668802236665,232.70411844190863,235.84985220235598,10
5,"[8, 9, 6, 7]",85.47811353088855,1.5728668802236665,83.90524665066488,87.05098041111222,10
5,"[1, 2, 3, 6, 9, 14, 15]",167.68488364513428,1.5728668802236665,166.1120167649106,169.25775052535795,10
5,"[1, 2, 3, 6, 7, 9, 15]",178.01020228422504,1.5728668802236665,176.43733540400137,179.58306916444872,10
5,"[1, 3, 6, 9, 10]",83.8365361129547,1.5728668802236665,82.26366923273103,85.40940299317838,10
5,"[1, 3, 6, 7, 9, 13, 14]",127.65323462645566,1.5728668802236665,126.08036774623199,129.22610150667933,10
5,"[1, 7, 8, 9, 13, 15]",168.6838647825778,1.5728668802236665,167.11099790235414,170.25673166280149,10
5,"[1, 6, 7, 8, 9, 13, 14]",186.54447153168144,1.5728668802236665,184.97160465145777,188.1173384119051,10
5,"[2, 6, 7, 8, 10, 15]",86.1483774287776,1.5728668802236665,84.57551054855392,87.72124430900126,10
5,"[2, 3, 6, 7, 8, 9, 10, 13, 15]",262.65686424807694,1.5728668802236665,261.08399736785327,264.2297311283006,10
5,"[8, 9, 2, 15]",86.98998108477751,1.5728668802236665,85.41711420455384,88.56284796500118,10
5,"[1, 3, 13, 7]",56.01739924488915,1.5728668802236665,54.444532364665484,57.59026612511281,10
5,"[1, 2, 6, 7, 14]",54.01085472365703,1.5728668802236665,52.43798784343337,55.5837216038807,10
5,"[2, 3, 7, 14, 15]",60.047874339111104,1.5728668802236665,58.47500745888744,61.62074121933477,10
5,"[8, 9, 13, 14]",95.28162745062534,1.5728668802236665,93.70876057040167,96.85449433084901,10
5,"[1, 8, 10, 13, 14, 15]",106.39423571330568,1.5728668802236665,104.821368833082,107.96710259352935,10
5,"[3, 6, 8, 10, 13, 14]",90.81854079370709,1.5728668802236665,89.24567391348342,92.39140767393076,10
5,"[6, 7, 8, 10, 14, 15]",124.45614916648056,1.5728668802236665,122.88328228625689,126.02901604670423,10
5,"[3, 6, 7, 8, 9, 10, 13, 14, 15]",280.53841651895834,1.5728668802236665,278.9655496387347,282.111283399182,10
5,"[1, 2, 3, 6, 7, 8]",147.32162873528645,1.5728668802236665,145.74876185506278,148.89449561551012,10
5,"[6, 7, 8, 13, 15]",81.1524591420808,1.5728668802236665,79.57959226185713,82.72532602230447,10
5,"[8, 3, 14, 15]",75.22585884258558,1.5728668802236665,73.65299196236191,76.79872572280925,10
5,"[2, 3, 9, 14, 15]",129.3153563247252,1.5728668802236665,127.74248944450153,130.88822320494887,10
5,"[1, 2, 8, 10, 13, 14, 15]",153.37647149253908,1.5728668802236665,151.8036046123154,154.94933837276275,10
5,"[1, 2, 3, 6, 8, 9, 13, 14]",215.77470781675044,1.5728668802236665,214.20184093652676,217.3475746969741,10
5,"[1, 14, 9, 7]",48.772659263619104,1.5728668802236665,47.19979238339544,50.34552614384277,10
5,"[1, 2, 7, 8, 14]",103.82997772197977,1.5728668802236665,102.2571108417561,105.40284460220344,10
5,"[3, 7, 8, 13, 14, 15]",139.65265002981468,1.5728668802236665,138.079783149591,141.22551691003835,10
5,"[1, 6, 7, 8, 10, 14]",119.65781222020811,1.5728668802236665,118.08494533998444,121.23067910043179,10
5,"[1, 3, 6, 7, 8, 9, 10, 13, 14]",274.4077531369488,1.5728668802236665,272.83488625672516,275.9806200171725,10
5,"[2, 3, 6, 14, 15]",55.43840425153528,1.5728668802236665,53.86553737131162,57.011271131758946,10
5,"[10, 2, 3, 14]",51.2138680661591,1.5728668802236665,49.64100118593544,52.786734946382765,10
5,"[3, 8, 9, 10, 14]",166.913306319215,1.5728668802236665,165.34043943899133,168.48617319943867,10
5,"[3, 6, 14]",36.00041495976061,1.5728668802236665,34.42754807953695,37.573281839984276,10
5,"[1, 2, 3, 6, 9, 10, 14, 15]",208.36516023734958,1.5728668802236665,206.7922933571259,209.93802711757326,10
5,"[1, 6, 10, 13, 14, 15]",68.33021505928299,1.5728668802236665,66.75734817905932,69.90308193950666,10
5,"[2, 3, 6, 10, 14]",55.902581492576246,1.5728668802236665,54.32971461235258,57.47544837279991,10
5,"[9, 6, 15]",37.31592565050052,1.5728668802236665,35.74305877027685,38.88879253072418,10
5,"[2, 7, 8, 9, 13, 15]",157.11815576970668,1.5728668802236665,155.545288889483,158.69102264993035,10
5,"[2, 3, 6, 7, 9, 10, 13]",124.37620620723035,1.5728668802236665,122.80333932700668,125.94907308745402,10
5,"[1, 2, 6, 9, 13, 14]",58.12993675244254,1.5728668802236665,56.557069872218875,59.7028036326662,10
5,"[8, 2]",24.825678622052134,1.5728668802236665,23.252811741828467,26.3985455022758,10
5,"[8, 2, 10, 6]",43.746278521774386,1.5728668802236665,42.17341164155072,45.31914540199805,10
5,"[1, 3, 6, 7, 9, 13]",95.27973980908746,1.5728668802236665,93.70687292886379,96.85260668931113,10
5,"[10, 13, 6, 15]",38.607026756071704,1.5728668802236665,37.03415987584804,40.17989363629537,10
5,"[10, 13]",22.815015719686226,1.5728668802236665,21.24214883946256,24.387882599909894,10
5,"[1, 2, 7, 8, 9]",118.83582724788187,1.5728668802236665,117.2629603676582,120.40869412810554,10
5,"[2, 6, 8, 9, 13]",67.75422679918115,1.5728668802236665,66.18135991895748,69.32709367940483,10
5,"[1, 3, 6, 7, 8, 9, 14]",214.25181719990957,1.5728668802236665,212.6789503196859,215.82468408013324,10
5,"[1, 3, 6, 15]",45.262727461475116,1.5728668802236665,43.68986058125145,46.83559434169878,10
5,"[1, 2, 3, 6, 7, 15]",105.04873237681318,1.5728668802236665,103.4758654965895,106.62159925703685,10
5,"[2, 6, 7, 10, 15]",43.913469430313796,1.5728668802236665,42.34060255009013,45.48633631053746,10
5,"[1, 13, 9, 7]",53.87643523667632,1.5728668802236665,52.30356835645266,55.449302116899986,10
5,"[1, 2, 7, 8, 13]",99.77491389587355,1.5728668802236665,98.20204701564988,101.34778077609722,10
5,"[1, 2, 6, 9, 10, 13, 15]",84.86462020468888,1.5728668802236665,83.2917533244652,86.43748708491255,10
5,"[3, 7, 9, 10, 13, 14, 15]",217.46125067583654,1.5728668802236665,215.88838379561287,219.0341175560602,10
5,"[1, 2, 13]",22.594375626853186,1.5728668802236665,21.021508746629518,24.167242507076853,10
5,"[3, 6, 8, 13, 14]",76.59989753738402,1.5728668802236665,75.02703065716035,78.1727644176077,10
5,"[3, 7, 8, 9, 10, 15]",207.0004684352068,1.5728668802236665,205.42760155498314,208.57333531543048,10
5,"[1, 6, 7, 8, 9, 10]",165.31576823167902,1.5728668802236665,163.74290135145534,166.8886351119027,10
5,"[2, 3, 6, 8, 13, 15]",82.59615607135609,1.5728668802236665,81.02328919113242,84.16902295157976,10
5,"[2, 8, 9, 10, 14, 15]",172.08701695635708,1.5728668802236665,170.5141500761334,173.65988383658075,10
5,"[1, 2, 3, 6, 9, 14]",100.61443687020144,1.5728668802236665,99.04156998997777,102.18730375042512,10
5,"[1, 2, 3, 6, 7, 8, 10, 14, 15]",223.7724797387139,1.5728668802236665,222.19961285849024,225.34534661893758,10
5,"[2, 3, 6, 14]",41.98401492155364,1.5728668802236665,40.41114804132997,43.5568818017773,10
5,"[3, 6, 8, 9, 14]",119.53092839428378,1.5728668802236665,117.9580615140601,121.10379527450745,10
5,"[1, 2, 3, 6, 10, 14, 15]",86.1907819671915,1.5728668802236665,84.61791508696783,87.76364884741517,10
5,"[1, 2, 3, 6, 8, 14, 15]",170.2598141704465,1.5728668802236665,168.68694729022283,171.83268105067017,10
5,"[3, 6, 8, 9, 10, 13]",134.06337701723015,1.5728668802236665,132.49051013700648,135.63624389745382,10
5,"[1, 7, 8, 10, 13]",91.08847672861123,1.5728668802236665,89.51560984838756,92.6613436088349,10
5,"[1, 15]",20.137518801697674,1.5728668802236665,18.564651921474006,21.71038568192134,10
5,"[3, 6, 7, 9, 10, 15]",122.04224415677501,1.5728668802236665,120.46937727655134,123.61511103699868,10
5,"[1, 3, 7, 8, 13, 14, 15]",173.0759018948438,1.5728668802236665,171.50303501462014,174.64876877506748,10
5,"[2, 6, 9, 10, 14, 15]",98.31399417855164,1.5728668802236665,96.74112729832797,99.88686105877531,10
5,"[1, 2, 3, 10, 14]",68.41602091471644,1.5728668802236665,66.84315403449277,69.98888779494011,10
5,"[8, 6, 14]",37.279465411794575,1.5728668802236665,35.70659853157091,38.85233229201824,10
5,"[2, 6, 7, 9, 14, 15]",71.93361486916858,1.5728668802236665,70.36074798894491,73.50648174939225,10
5,"[1, 2, 3, 14, 15]",68.09222043252574,1.5728668802236665,66.51935355230206,69.6650873127494,10
5,"[2, 8, 9, 10, 13, 14, 15]",200.90959175542892,1.5728668802236665,199.33672487520525,202.4824586356526,10
5,"[2, 3, 7, 10, 13, 15]",71.8196995791088,1.5728668802236665,70.24683269888513,73.39256645933247,10
5,"[1, 2, 7]",28.509704065449533,1.5728668802236665,26.936837185225865,30.0825709456732,10
5,"[1, 10, 6, 7]",43.95208908458979,1.5728668802236665,42.37922220436612,45.52495596481345,10
5,"[1, 3, 8, 9, 13, 14, 15]",207.87112850095514,1.5728668802236665,206.29826162073147,209.4439953811788,10
5,"[1, 6, 9, 10, 13, 14]",70.2850687371499,1.5728668802236665,68.71220185692623,71.85793561737357,10
5,"[1, 3, 9, 10, 13, 14, 15]",196.00688151416352,1.5728668802236665,194.43401463393985,197.5797483943872,10
5,"[3, 8, 10, 14, 15]",89.40320429038778,1.5728668802236665,87.8303374101641,90.97607117061145,10
5,"[1, 2, 7, 8, 9, 13, 15]",185.29091322708945,1.5728668802236665,183.71804634686578,186.86378010731312,10
5,"[1, 3, 9, 10, 13]",87.88787391098853,1.5728668802236665,86.31500703076486,89.4607407912122,10
5,"[1, 3, 6, 7, 8, 10, 14, 15]",177.18654287946714,1.5728668802236665,175.61367599924347,178.7594097596908,10
5,"[1, 2, 15, 7]",39.680147424435134,1.5728668802236665,38.10728054421147,41.2530143046588,10
5,"[1, 7, 8, 9, 15]",134.01297555401683,1.5728668802236665,132.44010867379316,135.5858424342405,10
5,"[2, 3, 8, 9, 10, 13]",161.04264582789338,1.5728668802236665,159.4697789476697,162.61551270811705,10
5,"[1, 2, 3, 8, 10, 15]",112.46803228718989,1.5728668802236665,110.89516540696621,114.04089916741356,10
5,"[1, 2, 7, 8, 10, 13]",114.00540348223224,1.5728668802236665,112.43253660200857,115.57827036245591,10
5,"[1, 2, 3, 6, 7, 13, 15]",135.60074496563328,1.5728668802236665,134.0278780854096,137.17361184585695,10
5,"[2, 15, 7]",23.406055145830504,1.5728668802236665,21.833188265606836,24.97892202605417,10
5,"[2, 3, 8, 9, 14]",145.85214695601826,1.5728668802236665,144.2792800757946,147.42501383624193,10
5,"[3, 7, 8, 9, 10, 14, 15]",241.70566073772716,1.5728668802236665,240.1327938575035,243.27852761795083,10
5,"[1, 6, 9]",31.29800688216851,1.5728668802236665,29.725140001944844,32.87087376239218,10
5,"[2, 3, 13, 15]",46.76726770006401,1.5728668802236665,45.19440081984035,48.340134580287675,10
5,"[3, 8, 9, 13, 15]",124.91190202168882,1.5728668802236665,123.33903514146515,126.48476890191249,10
5,"[2, 3, 7, 8, 9, 10, 13]",219.60525645760958,1.5728668802236665,218.0323895773859,221.17812333783326,10
5,"[8, 2, 13, 15]",45.216561124690976,1.5728668802236665,43.64369424446731,46.78942800491464,10
5,"[2, 6, 9, 10, 13, 15]",74.37803042029736,1.5728668802236665,72.80516354007369,75.95089730052104,10
5,"[2, 3, 6, 7, 9, 10]",109.16138428347597,1.5728668802236665,107.5885174032523,110.73425116369964,10
5,"[7, 9, 10, 13, 15]",77.75356306004286,1.5728668802236665,76.1806961798192,79.32642994026654,10
5,"[1, 2, 6, 7, 8, 9, 10, 14, 15]",238.64088349533898,1.5728668802236665,237.0680166151153,240.21375037556265,10
5,"[1, 2, 3, 7, 8, 13, 14]",189.6552583993876,1.5728668802236665,188.08239151916393,191.22812527961128,10
5,"[8, 10, 14, 7]",65.57938952619801,1.5728668802236665,64.00652264597434,67.15225640642169,10
5,"[2, 7, 9, 10, 14]",58.84794637589367,1.5728668802236665,57.275079495670006,60.420813256117334,10
5,"[1, 2, 3, 6, 7, 9, 10, 14, 15]",241.7898639716288,1.5728668802236665,240.21699709140512,243.36273085185246,10
5,"[3, 6, 8, 9, 10, 13, 15]",181.30001842139876,1.5728668802236665,179.7271515411751,182.87288530162243,10
5,"[1, 6, 7, 8, 13]",102.08085498706033,1.5728668802236665,100.50798810683666,103.653721867284,10
5,"[9, 2, 10, 15]",60.87458582874772,1.5728668802236665,59.301718948524055,62.44745270897138,10
5,"[8, 9, 10, 13]",77.33304800214398,1.5728668802236665,75.76018112192031,78.90591488236765,10
5,"[1, 2, 3, 6, 15]",59.464033335987565,1.5728668802236665,57.8911664557639,61.03690021621123,10
5,"[1, 2, 3, 7, 9, 10, 13, 14]",223.7765403629706,1.5728668802236665,222.20367348274692,225.34940724319426,10
5,"[2, 3, 6, 10, 14, 15]",69.31149054695257,1.5728668802236665,67.7386236667289,70.88435742717624,10
5,"[2, 3, 6, 8, 14, 15]",136.12780517709652,1.5728668802236665,134.55493829687285,137.7006720573202,10
5,"[1, 2, 6, 7, 13, 14, 15]",132.78174465931187,1.5728668802236665,131.2088777790882,134.35461153953554,10
5,"[2, 6, 7, 8, 13, 14]",125.32843806835214,1.5728668802236665,123.75557118812847,126.90130494857581,10
5,"[3, 7, 8, 14, 15]",104.55888277243619,1.5728668802236665,102.98601589221252,106.13174965265986,10
5,"[1, 2, 3, 6, 7, 8, 10, 13, 14, 15]",246.63407000142814,1.5728668802236665,245.06120312120447,248.2069368816518,10
5,"[2, 13, 15]",23.637460431965312,1.5728668802236665,22.064593551741645,25.21032731218898,10
5,"[1, 3, 6, 7, 9, 10, 13, 14]",154.77066733837145,1.5728668802236665,153.19780045814778,156.34353421859512,10
5,"[1, 3, 6, 7, 9, 10, 15]",136.696096174012,1.5728668802236665,135.12322929378834,138.26896305423568,10
5,"[3, 6, 7, 13, 14]",76.18337653837978,1.5728668802236665,74.6105096581561,77.75624341860345,10
5,"[1, 3, 6, 7, 9, 13, 14, 15]",219.693546541676,1.5728668802236665,218.12067966145233,221.26641342189967,10
5,"[1, 2, 3, 7, 8, 10, 15]",148.49177008322215,1.5728668802236665,146.91890320299848,150.06463696344582,10
5,"[3, 9, 10, 13, 14]",91.66214110120444,1.5728668802236665,90.08927422098077,93.23500798142811,10
5,"[2, 3, 7, 9, 10, 13, 14]",132.10824515546085,1.5728668802236665,130.53537827523718,133.68111203568452,10
5,"[3, 9, 13, 14, 15]",140.39516152132242,1.5728668802236665,138.82229464109875,141.9680284015461,10
5,"[1, 2, 3, 9, 13, 15]",134.50992032736207,1.5728668802236665,132.9370534471384,136.08278720758574,10
5,"[1, 2, 6, 7, 9, 10, 13, 15]",127.83314796099134,1.5728668802236665,126.26028108076767,129.406014841215,10
5,"[1, 2, 6, 8, 9, 13, 14]",159.49712723967554,1.5728668802236665,157.92426035945186,161.0699941198992,10
5,"[3, 6, 13, 14, 15]",66.11577394081799,1.5728668802236665,64.54290706059432,67.68864082104166,10
5,"[2, 7, 8, 9, 15]",123.91612035804637,1.5728668802236665,122.3432534778227,125.48898723827004,10
5,"[1, 2, 3, 6, 7, 10, 13, 14]",168.91525596778925,1.5728668802236665,167.34238908756558,170.48812284801292,10
5,"[1, 6, 8, 10, 14]",60.23933725048706,1.5728668802236665,58.6664703702634,61.812204130710725,10
5,"[1, 2, 7, 8, 10, 14]",117.15846934792208,1.5728668802236665,115.58560246769841,118.73133622814575,10
5,"[1, 2, 3, 7, 8, 9, 10, 13, 14]",271.9352871779347,1.5728668802236665,270.362420297711,273.50815405815837,10
5,"[2, 6, 8, 13, 14, 15]",112.49098799180328,1.5728668802236665,110.91812111157961,114.06385487202695,10
5,"[1, 7, 8, 9, 10, 14, 15]",214.2289854057621,1.5728668802236665,212.65611852553843,215.80185228598577,10
5,"[3, 6, 7, 8, 13, 15]",101.8674434836539,1.5728668802236665,100.29457660343023,103.44031036387757,10
5,"[1, 2, 7, 9, 13, 14, 15]",165.08714141390857,1.5728668802236665,163.5142745336849,166.66000829413224,10
5,"[8, 13, 6, 15]",43.71316122999285,1.5728668802236665,42.140294349769185,45.28602811021651,10
5,"[2, 6, 9, 13, 15]",49.27890054151303,1.5728668802236665,47.70603366128937,50.851767421736696,10
5,"[1, 2, 3, 6, 7, 8, 14, 15]",209.61316196949457,1.5728668802236665,208.0402950892709,211.18602884971824,10
5,"[3, 6, 7, 8, 9, 10, 13]",222.22083065234378,1.5728668802236665,220.6479637721201,223.79369753256745,10
5,"[9, 14, 15]",52.802545082856604,1.5728668802236665,51.22967820263294,54.37541196308027,10
5,"[1, 2, 6, 7, 9, 10, 13, 14, 15]",213.72738764783884,1.5728668802236665,212.15452076761517,215.3002545280625,10
5,"[1, 2, 6, 10, 13, 14]",53.44149596992105,1.5728668802236665,51.868629089697386,55.014362850144714,10
5,"[1, 3, 6, 7, 8, 9, 10]",221.68599248178353,1.5728668802236665,220.11312560155986,223.2588593620072,10
5,"[2, 6, 8, 9, 10, 15]",137.93582840423437,1.5728668802236665,136.3629615240107,139.50869528445804,10
5,"[1, 3, 6, 7, 10, 13]",87.21154271235187,1.5728668802236665,85.6386758321282,88.78440959257554,10
5,"[1, 2, 7, 10, 15]",53.60092389892046,1.5728668802236665,52.0280570186968,55.17379077914413,10
5,"[1, 2, 3, 10, 13]",66.46698282378941,1.5728668802236665,64.89411594356574,68.03984970401308,10
5,"[2, 3, 6, 9, 10, 15]",140.6569299785646,1.5728668802236665,139.08406309834092,142.22979685878826,10
5,"[1, 2, 3, 7, 9, 15]",159.8450459657418,1.5728668802236665,158.27217908551813,161.41791284596547,10
5,"[8, 2, 13, 7]",68.32334200736696,1.5728668802236665,66.75047512714329,69.89620888759063,10
5,"[1, 2, 3, 6, 8, 9, 14, 15]",220.7401879527401,1.5728668802236665,219.16732107251642,222.31305483296376,10
5,"[1, 3, 6, 7, 8, 15]",101.7498732744409,1.5728668802236665,100.17700639421723,103.32274015466457,10
5,"[8, 3, 13, 14]",72.08584268788807,1.5728668802236665,70.5129758076644,73.65870956811175,10
5,"[2, 3, 9, 13, 14]",77.58784061670896,1.5728668802236665,76.01497373648529,79.16070749693263,10
5,"[3, 6, 7, 9, 13, 14]",98.433350368433,1.5728668802236665,96.86048348820933,100.00621724865667,10
5,"[7, 8, 9, 10, 13, 14, 15]",214.4629598568876,1.5728668802236665,212.89009297666394,216.03582673711128,10
5,"[1, 2, 6, 8, 14, 15]",112.4117132861002,1.5728668802236665,110.83884640587652,113.98458016632387,10
5,"[1, 2, 3, 6, 8, 9, 13, 14, 15]",246.22058623383478,1.5728668802236665,244.6477193536111,247.79345311405845,10
5,"[8, 9, 10, 13, 14, 15]",183.82156959968097,1.5728668802236665,182.2487027194573,185.39443647990464,10
5,"[1, 2, 3, 6, 8, 9]",146.4109245077383,1.5728668802236665,144.83805762751462,147.98379138796196,10
5,"[2, 3, 6, 8, 9, 13, 14, 15]",221.1509796135561,1.5728668802236665,219.57811273333243,222.72384649377977,10
5,"[1, 6, 7, 8, 10, 13, 14, 15]",183.81381676703248,1.5728668802236665,182.2409498868088,185.38668364725615,10
5,"[2, 3]",26.35391850631612,1.5728668802236665,24.781051626092452,27.926785386539787,10
5,"[1, 3, 14, 7]",51.12538798961647,1.5728668802236665,49.552521109392806,52.698254869840135,10
5,"[3, 7, 8, 10, 14]",86.62189491715645,1.5728668802236665,85.04902803693278,88.19476179738012,10
5,"[1, 3, 6, 8, 9, 14]",128.20439032680542,1.5728668802236665,126.63152344658175,129.7772572070291,10
5,"[2, 3, 7, 8, 10, 13, 15]",149.07166084886669,1.5728668802236665,147.498793968643,150.64452772909036,10
5,"[1, 3, 6, 9, 10, 14]",94.11065060784114,1.5728668802236665,92.53778372761747,95.68351748806481,10
5,"[1, 2, 10]",27.33611280674574,1.5728668802236665,25.76324592652207,28.908979686969406,10
5,"[2, 3, 7, 8, 10, 15]",113.29814915227875,1.5728668802236665,111.72528227205508,114.87101603250242,10
5,"[2, 3, 6, 7, 8, 13, 14, 15]",209.71656678044465,1.5728668802236665,208.14369990022098,211.28943366066832,10
5,"[1, 2, 15]",24.76245132177085,1.5728668802236665,23.189584441547183,26.335318201994518,10
5,"[2, 7, 8, 9, 10, 13, 14]",196.0669189491541,1.5728668802236665,194.49405206893042,197.63978582937776,10
5,"[1, 2, 3, 7, 14]",81.12283100889589,1.5728668802236665,79.54996412867222,82.69569788911956,10
5,"[1, 13, 7]",35.77660254338896,1.5728668802236665,34.2037356631653,37.349469423612625,10
5,"[1, 3, 10, 13, 14]",65.08092699360778,1.5728668802236665,63.50806011338411,66.65379387383145,10
5,"[2, 7, 8, 10, 13, 14]",117.57181099730857,1.5728668802236665,115.9989441170849,119.14467787753225,10
5,"[1, 8, 10, 13, 15]",62.279351174014,1.5728668802236665,60.70648429379034,63.85221805423767,10
5,"[2, 6, 8, 9, 15]",91.85510506415602,1.5728668802236665,90.28223818393235,93.42797194437969,10
5,"[7, 8, 9, 10, 14, 15]",184.70975394954502,1.5728668802236665,183.13688706932135,186.2826208297687,10
5,"[10, 15, 6, 14]",42.69352902675521,1.5728668802236665,41.120662146531544,44.26639590697887,10
5,"[1, 15, 13, 7]",47.09715476063639,1.5728668802236665,45.52428788041273,48.67002164086006,10
5,"[8, 15, 6, 14]",59.24176954396398,1.5728668802236665,57.66890266374032,60.81463642418765,10
5,"[2, 6, 9, 14, 15]",61.30602191001176,1.5728668802236665,59.733155029788094,62.87888879023542,10
5,"[2, 7, 9, 13, 14, 15]",120.54929027137321,1.5728668802236665,118.97642339114954,122.12215715159688,10
5,"[2, 6, 8, 9, 13, 14, 15]",165.20767859870824,1.5728668802236665,163.63481171848457,166.7805454789319,10
5,"[1, 7, 8, 9, 10, 13, 15]",210.16024147930003,1.5728668802236665,208.58737459907636,211.7331083595237,10
5,"[9, 13, 6]",31.700741918426672,1.5728668802236665,30.127875038203005,33.273608798650336,10
5,"[8, 1, 9, 7]",92.63993295867547,1.5728668802236665,91.0670660784518,94.21279983889914,10
5,"[2, 3, 6, 13, 15]",51.17846898860787,1.5728668802236665,49.605602108384204,52.75133586883153,10
5,"[1, 2, 6, 14]",29.115674406579814,1.5728668802236665,27.542807526356146,30.68854128680348,10
5,"[1, 6, 8, 9, 14]",77.44441980789388,1.5728668802236665,75.87155292767021,79.01728668811755,10
5,"[3, 6, 7, 8, 10, 13, 14, 15]",177.1841912779576,1.5728668802236665,175.61132439773394,178.75705815818128,10
5,"[9, 2, 6, 7]",36.90626111423265,1.5728668802236665,35.333394234008985,38.47912799445631,10
5,"[15, 13, 6, 7]",41.000907882474344,1.5728668802236665,39.42804100225068,42.57377476269801,10
5,"[2, 14, 15]",27.56644604893727,1.5728668802236665,25.9935791687136,29.139312929160937,10
5,"[1, 2, 8, 9, 15]",122.67961735328097,1.5728668802236665,121.1067504730573,124.25248423350465,10
5,"[2, 6, 7, 8, 9, 10, 14, 15]",216.14389416042414,1.5728668802236665,214.57102728020047,217.7167610406478,10
5,"[2, 3, 6, 8, 9, 10, 13, 14]",227.48051866094153,1.5728668802236665,225.90765178071786,229.0533855411652,10
5,"[1, 2, 8, 9, 10, 14, 15]",200.74075842437685,1.5728668802236665,199.16789154415318,202.31362530460052,10
5,"[3, 6, 9, 10, 14]",85.40538636073559,1.5728668802236665,83.83251948051192,86.97825324095926,10
5,"[1, 3, 6, 10, 13]",56.430405348042484,1.5728668802236665,54.85753846781882,58.00327222826615,10
5,"[6, 7, 9, 10, 13, 14, 15]",179.45880458056044,1.5728668802236665,177.88593770033677,181.0316714607841,10
5,"[3, 7, 10, 14, 15]",67.980367396023,1.5728668802236665,66.40750051579933,69.55323427624667,10
5,"[2, 6, 15]",19.50032903486337,1.5728668802236665,17.927462154639702,21.073195915087037,10
5,"[1, 6, 7, 8, 9, 14, 15]",191.82361461460414,1.5728668802236665,190.25074773438047,193.3964814948278,10
5,"[1, 10, 6, 14]",37.84323568794734,1.5728668802236665,36.27036880772368,39.416102568171006,10
5,"[10, 6]",18.169996240391704,1.5728668802236665,16.597129360168037,19.74286312061537,10
5,"[1, 2, 6, 7, 8, 9, 10, 13, 15]",234.1344116086231,1.5728668802236665,232.56154472839944,235.70727848884678,10
5,"[8, 9, 15]",64.68465248743175,1.5728668802236665,63.111785607208084,66.25751936765542,10
5,"[2, 10, 6]",21.77857184610762,1.5728668802236665,20.205704965883953,23.35143872633129,10
5,"[9, 2, 7]",31.04587287878416,1.5728668802236665,29.47300599856049,32.61873975900782,10
5,"[1, 2, 3, 6, 8, 9, 15]",187.351913548636,1.5728668802236665,185.77904666841232,188.92478042885966,10
5,"[1, 6, 7, 10, 13, 14]",98.77597055030886,1.5728668802236665,97.20310367008518,100.34883743053253,10
5,"[1, 2, 3, 6, 7, 9, 10, 14]",195.38233250368665,1.5728668802236665,193.80946562346298,196.95519938391033,10
5,"[1, 2, 3, 8, 9, 10]",188.78201462396692,1.5728668802236665,187.20914774374324,190.3548815041906,10
5,"[1, 2, 3, 6, 7, 8, 9, 13, 14, 15]",276.7057105827454,1.5728668802236665,275.1328437025217,278.27857746296905,10
5,"[1, 2, 3, 6, 9, 10, 13]",144.657741819978,1.5728668802236665,143.08487493975434,146.23060870020169,10
5,"[1, 6, 7, 9, 10, 13, 14]",120.06478765516094,1.5728668802236665,118.49192077493727,121.63765453538461,10
5,"[9, 2, 13, 6]",34.862801744451474,1.5728668802236665,33.28993486422781,36.43566862467514,10
5,"[1, 2, 3, 6, 8, 15]",102.90550470129187,1.5728668802236665,101.3326378210682,104.47837158151555,10
5,"[1, 2, 3, 6, 7, 8, 15]",158.722266601473,1.5728668802236665,157.14939972124932,160.29513348169667,10
5,"[1, 3, 6, 7, 10, 13, 15]",98.18429008217014,1.5728668802236665,96.61142320194647,99.75715696239381,10
5,"[1, 7, 8, 10, 13, 14]",128.3954648377124,1.5728668802236665,126.82259795748874,129.96833171793608,10
5,"[10, 3, 14]",45.260314738273564,1.5728668802236665,43.6874478580499,46.83318161849723,10
5,"[3, 6, 7, 8, 10, 14]",107.37451267773699,1.5728668802236665,105.80164579751332,108.94737955796066,10
5,"[1, 3, 8, 13, 14, 15]",113.21571706315649,1.5728668802236665,111.64285018293282,114.78858394338016,10
5,"[13, 15]",19.955018348556965,1.5728668802236665,18.382151468333298,21.527885228780633,10
5,"[2, 3, 6, 7, 13, 15]",67.91318991712095,1.5728668802236665,66.34032303689727,69.48605679734462,10
5,"[3, 6, 7, 8, 13]",90.57325228650845,1.5728668802236665,89.00038540628478,92.14611916673212,10
5,"[1, 6, 8, 9, 13, 14, 15]",150.66131344294016,1.5728668802236665,149.08844656271648,152.23418032316383,10
5,"[1, 3, 6, 7, 8, 9, 10, 13]",247.30440416619325,1.5728668802236665,245.73153728596958,248.87727104641692,10
5,"[1, 6, 9, 10, 13]",57.35221042976518,1.5728668802236665,55.779343549541515,58.92507730998884,10
5,"[2, 10, 14, 15]",41.55705612133683,1.5728668802236665,39.984189241113164,43.12992300156049,10
5,"[8, 9, 10, 14, 15]",147.94698581141944,1.5728668802236665,146.37411893119577,149.5198526916431,10
5,"[1, 2, 3, 7, 8, 10, 13, 14, 15]",234.05979149022968,1.5728668802236665,232.486924610006,235.63265837045336,10
5,"[1, 2, 3, 6, 7, 9, 14]",155.2108828626471,1.5728668802236665,153.63801598242344,156.78374974287078,10
5,"[2, 6, 10, 14, 15]",46.034331717161166,1.5728668802236665,44.4614648369375,47.60719859738483,10
5,"[1, 2, 3, 6, 7, 9, 10]",184.72213455955995,1.5728668802236665,183.14926767933628,186.29500143978362,10
5,"[1, 3, 6, 8, 9, 10, 13, 14]",218.5088923798687,1.5728668802236665,216.93602549964504,220.08175926009238,10
5,"[1, 3, 8, 9, 10, 15]",176.7751949177536,1.5728668802236665,175.20232803752992,178.34806179797727,10
5,"[8, 9, 13]",50.10331906949593,1.5728668802236665,48.53045218927227,51.676185949719596,10
5,"[2, 3, 7, 8, 10, 14, 15]",180.40549366517556,1.5728668802236665,178.83262678495188,181.97836054539923,10
5,"[1, 6, 7, 10, 13]",66.67178562442193,1.5728668802236665,65.09891874419826,68.2446525046456,10
5,"[8, 9, 2, 14]",86.15874207473128,1.5728668802236665,84.58587519450761,87.73160895495495,10
5,"[6, 7, 9, 10, 14]",61.56183474809463,1.5728668802236665,59.98896786787097,63.1347016283183,10
5,"[2, 3, 6, 9, 10, 13, 14, 15]",208.6759102718716,1.5728668802236665,207.10304339164793,210.24877715209527,10
5,"[2, 9, 10, 13, 14, 15]",130.41356925702945,1.5728668802236665,128.84070237680578,131.98643613725312,10
5,"[2, 8, 9, 13, 14, 15]",160.5161778757389,1.5728668802236665,158.94331099551522,162.08904475596256,10
5,"[3, 7, 9, 10, 13, 15]",126.89179863811717,1.5728668802236665,125.3189317578935,128.46466551834084,10
5,"[1, 2, 3, 7, 13, 15]",113.72391509640764,1.5728668802236665,112.15104821618397,115.29678197663131,10
5,"[1, 2, 6, 7, 8, 10, 13]",135.08002033830982,1.5728668802236665,133.50715345808615,136.6528872185335,10
5,"[3, 13, 6, 15]",45.50464624496829,1.5728668802236665,43.93177936474463,47.077513125191956,10
5,"[1, 2, 6, 7, 8, 13, 14]",151.8687354093249,1.5728668802236665,150.29586852910123,153.44160228954857,10
5,"[1, 3, 7, 13, 14]",83.13932457951417,1.5728668802236665,81.5664576992905,84.71219145973784,10
5,"[1, 2, 3, 10, 13, 14, 15]",98.64475937387756,1.5728668802236665,97.07189249365389,100.21762625410123,10
5,"[1, 10, 13]",31.523258103107604,1.5728668802236665,29.950391222883937,33.09612498333127,10
5,"[2, 3, 6, 9, 10, 13]",107.2670724622127,1.5728668802236665,105.69420558198902,108.83993934243637,10
5,"[1, 2, 6, 8, 9, 10, 13]",141.99282749548522,1.5728668802236665,140.41996061526154,143.5656943757089,10
5,"[1, 10, 9, 15]",66.38567884894279,1.5728668802236665,64.81281196871912,67.95854572916646,10
5,"[1, 2, 8, 10, 15]",67.49407335181782,1.5728668802236665,65.92120647159415,69.06694023204149,10
5,"[9, 2, 14]",32.621238281359936,1.5728668802236665,31.04837140113627,34.1941051615836,10
5,"[8, 1, 13, 7]",77.35509628210558,1.5728668802236665,75.7822294018819,78.92796316232925,10
5,"[1, 2, 7, 9, 13]",69.0013874639459,1.5728668802236665,67.42852058372223,70.57425434416957,10
5,"[1, 3, 8, 9, 10, 13, 15]",186.02212457915098,1.5728668802236665,184.4492576989273,187.59499145937465,10
5,"[1, 6, 8, 9, 10, 13]",90.65059073906713,1.5728668802236665,89.07772385884346,92.2234576192908,10
5,"[1, 2, 10, 7]",42.49947362836688,1.5728668802236665,40.926606748143215,44.07234050859054,10
5,"[1, 7, 8, 9, 10]",139.74036137527125,1.5728668802236665,138.16749449504758,141.31322825549492,10
5,"[15, 14, 7]",33.01517499889945,1.5728668802236665,31.44230811867578,34.58804187912311,10
5,"[1, 2, 7, 8, 9, 10, 15]",197.21675700904052,1.5728668802236665,195.64389012881685,198.7896238892642,10
5,"[1, 2, 6, 9, 13, 15]",59.59643709666339,1.5728668802236665,58.02357021643972,61.16930397688705,10
5,"[9, 13, 14, 7]",56.21649840332162,1.5728668802236665,54.64363152309796,57.78936528354529,10
5,"[2, 7, 8, 13, 14]",103.72863603995236,1.5728668802236665,102.15576915972869,105.30150292017603,10
5,"[1, 2, 7, 8, 9, 13, 14, 15]",214.55433598541822,1.5728668802236665,212.98146910519455,216.1272028656419,10
5,[10],13.943396858324906,1.5728668802236665,12.37052997810124,15.516263738548572,10
5,"[2, 3, 13]",35.80827262604707,1.5728668802236665,34.23540574582341,37.381139506270735,10
5,"[1, 2, 3, 6, 7, 10, 14, 15]",131.82366665168735,1.5728668802236665,130.25079977146368,133.39653353191102,10
5,"[1, 2, 10, 9]",49.40468308216716,1.5728668802236665,47.8318162019435,50.977549962390825,10
5,"[7, 8, 10, 13, 14, 15]",133.47999536181572,1.5728668802236665,131.90712848159205,135.0528622420394,10
5,"[3, 7, 10, 13, 14, 15]",101.34184540085032,1.5728668802236665,99.76897852062665,102.91471228107399,10
5,"[2, 6, 7, 8, 9, 14]",146.56019257959596,1.5728668802236665,144.9873256993723,148.13305945981963,10
5,"[2, 3, 7, 9, 10, 14, 15]",184.05538681333434,1.5728668802236665,182.48251993311067,185.628253693558,10
5,"[1, 3, 6, 13, 14, 15]",74.89644546014038,1.5728668802236665,73.32357857991671,76.46931234036406,10
5,"[8, 9, 6, 14]",68.51190147142377,1.5728668802236665,66.9390345912001,70.08476835164744,10
5,"[8, 1, 9, 14]",72.83610967525256,1.5728668802236665,71.26324279502889,74.40897655547623,10
5,"[3, 6, 7, 8, 10, 14, 15]",144.87866685359708,1.5728668802236665,143.3057999733734,146.45153373382075,10
5,"[1, 6, 7, 9, 10, 14]",75.63183236987895,1.5728668802236665,74.05896548965528,77.20469925010262,10
5,"[3, 7, 9, 10, 14, 15]",159.4593797862987,1.5728668802236665,157.88651290607504,161.03224666652238,10
5,"[1, 8, 9, 10, 13, 14, 15]",192.81529267287564,1.5728668802236665,191.24242579265197,194.3881595530993,10
5,"[1, 6, 7, 9, 14, 15]",83.0799233801672,1.5728668802236665,81.50705649994353,84.65279026039087,10
5,"[2, 7]",12.477417417008244,1.5728668802236665,10.904550536784578,14.05028429723191,10
5,"[2, 3, 6, 8, 9, 10, 14]",197.5863081761072,1.5728668802236665,196.01344129588352,199.15917505633087,10
5,"[2, 6, 7, 8, 9, 13, 14, 15]",203.75109735557066,1.5728668802236665,202.178230475347,205.32396423579434,10
5,"[1, 2, 6, 7, 13]",70.23994962629949,1.5728668802236665,68.66708274607582,71.81281650652316,10
5,"[2, 6, 7, 8, 9, 10, 15]",187.40902255280633,1.5728668802236665,185.83615567258266,188.98188943303,10
5,"[8, 15, 6, 7]",55.04418859549671,1.5728668802236665,53.47132171527305,56.61705547572038,10
5,"[2, 6, 7, 9, 15]",51.00743234817933,1.5728668802236665,49.434565467955665,52.58029922840299,10
5,"[10, 3, 13, 6]",47.73581535796701,1.5728668802236665,46.16294847774335,49.30868223819068,10
5,"[1, 2, 3, 7, 8, 13]",157.49179137680002,1.5728668802236665,155.91892449657635,159.0646582570237,10
5,"[1, 2, 6, 7, 10, 14]",68.2051827725449,1.5728668802236665,66.63231589232123,69.77804965276857,10
5,"[1, 2, 3, 6, 7, 9, 10, 13, 14]",236.70623900341042,1.5728668802236665,235.13337212318675,238.2791058836341,10
5,"[1, 2, 3, 7, 8, 10, 13, 14]",203.92986227642436,1.5728668802236665,202.3569953962007,205.50272915664803,10
5,"[1, 3, 6, 7, 8, 13]",122.16174468421323,1.5728668802236665,120.58887780398956,123.7346115644369,10
5,"[9, 15, 6, 7]",47.91708979439998,1.5728668802236665,46.344222914176314,49.48995667462364,10
5,"[13, 6, 15]",24.370060070169533,1.5728668802236665,22.797193189945865,25.9429269503932,10
5,"[9, 7]",27.363464946236604,1.5728668802236665,25.790598066012937,28.936331826460272,10
5,"[2, 6, 7, 8, 15]",72.27550087139022,1.5728668802236665,70.70263399116655,73.84836775161389,10
5,"[2, 10, 13, 15]",37.45038310974636,1.5728668802236665,35.8775162295227,39.023249989970026,10
5,"[8, 9, 10, 13, 15]",113.61297191338437,1.5728668802236665,112.0401050331607,115.18583879360804,10
5,"[1, 2, 3, 10, 15]",69.07713188075991,1.5728668802236665,67.50426500053624,70.64999876098358,10
5,"[1, 3, 6, 8, 13, 15]",73.26835275555781,1.5728668802236665,71.69548587533414,74.84121963578148,10
5,"[10, 3, 13, 14]",56.3729703873067,1.5728668802236665,54.80010350708304,57.945837267530365,10
5,"[1, 2, 3, 8, 10, 13, 14, 15]",208.49349653671229,1.5728668802236665,206.92062965648861,210.06636341693596,10
5,"[2, 3, 7, 10, 13, 14]",78.70738025861247,1.5728668802236665,77.1345133783888,80.28024713883615,10
5,"[1, 2, 3, 6, 7, 8, 9, 14, 15]",254.8307493224103,1.5728668802236665,253.25788244218663,256.40361620263394,10
5,"[1, 2, 6, 10, 14, 15]",56.50042521599838,1.5728668802236665,54.92755833577472,58.07329209622205,10
5,"[3, 6, 10, 13, 14]",60.44018834120823,1.5728668802236665,58.86732146098456,62.01305522143189,10
5,"[1, 2, 3, 6, 9, 10, 13, 14, 15]",233.31353500702213,1.5728668802236665,231.74066812679845,234.8864018872458,10
5,"[2, 3, 6, 7, 13, 14, 15]",116.17612302824509,1.5728668802236665,114.60325614802142,117.74898990846876,10
5,"[1, 3, 6, 7, 9, 10]",99.77484817082713,1.5728668802236665,98.20198129060346,101.3477150510508,10
5,"[2, 3, 6, 7, 14, 15]",66.00532592874865,1.5728668802236665,64.43245904852498,67.57819280897232,10
5,"[7, 8, 10, 13, 15]",74.71660528737183,1.5728668802236665,73.14373840714816,76.2894721675955,10
5,"[1, 2, 6, 13, 15]",38.31309505991139,1.5728668802236665,36.740228179687726,39.885961940135054,10
5,"[8, 9, 15, 7]",96.91864478476415,1.5728668802236665,95.34577790454048,98.49151166498783,10
5,"[1, 3, 9, 10, 15]",115.69116674878637,1.5728668802236665,114.1182998685627,117.26403362901004,10
5,"[2, 3, 6, 7, 9, 14, 15]",144.03433567641895,1.5728668802236665,142.46146879619528,145.60720255664262,10
5,"[1, 2, 3, 9, 10, 13, 14]",153.06985609077554,1.5728668802236665,151.49698921055187,154.64272297099922,10
5,"[1, 2, 7, 9, 10, 14, 15]",118.68121074366641,1.5728668802236665,117.10834386344274,120.25407762389008,10
5,"[7, 9, 10, 13, 14, 15]",161.07718154958366,1.5728668802236665,159.50431466935999,162.65004842980733,10
5,"[1, 2, 3, 8, 10, 14]",140.58481836271372,1.5728668802236665,139.01195148249005,142.1576852429374,10
5,"[1, 6, 9, 10, 14, 15]",103.76236493895412,1.5728668802236665,102.18949805873045,105.33523181917779,10
5,"[2, 3, 8, 9, 15]",146.7563636144403,1.5728668802236665,145.18349673421662,148.32923049466396,10
5,"[1, 2, 3, 13, 14]",65.31595952845308,1.5728668802236665,63.743092648229414,66.88882640867675,10
5,"[1, 6, 7, 8, 13, 14]",137.16667602560204,1.5728668802236665,135.59380914537837,138.73954290582572,10
5,"[1, 3, 7, 10, 13, 14, 15]",132.9597078944924,1.5728668802236665,131.38684101426873,134.53257477471607,10
5,"[1, 2, 3, 6, 7, 8, 9, 15]",227.20730763198472,1.5728668802236665,225.63444075176105,228.7801745122084,10
5,"[2, 6, 8, 9, 14, 15]",130.91434507873976,1.5728668802236665,129.34147819851609,132.48721195896343,10
5,"[3, 7, 9, 14, 15]",110.323796678263,1.5728668802236665,108.75092979803932,111.89666355848667,10
5,"[8, 13, 6]",32.63648863450571,1.5728668802236665,31.063621754282043,34.209355514729374,10
5,"[1, 2, 3, 6, 7, 9, 10, 13, 14, 15]",264.0358528752173,1.5728668802236665,262.46298599499363,265.608719755441,10
5,"[1, 6, 7, 8, 9, 10, 13, 14, 15]",252.0185438752481,1.5728668802236665,250.44567699502443,253.59141075547177,10
5,"[1, 2, 10, 14, 15]",51.7922422710238,1.5728668802236665,50.21937539080014,53.36510915124747,10
5,"[2, 3, 8, 9, 13, 14, 15]",216.62320921655686,1.5728668802236665,215.0503423363332,218.19607609678053,10
5,"[7, 9, 10, 13, 14]",73.60932057394473,1.5728668802236665,72.03645369372106,75.1821874541684,10
5,"[1, 2, 3, 7, 8, 10, 14, 15]",209.27528984929899,1.5728668802236665,207.70242296907531,210.84815672952266,10
5,"[1, 3, 7, 9, 13, 14]",105.5132614207314,1.5728668802236665,103.94039454050773,107.08612830095507,10
5,"[1, 7, 8, 10, 15]",74.50655763320783,1.5728668802236665,72.93369075298416,76.0794245134315,10
5,"[1, 2, 3, 6, 10, 15]",73.31342855470204,1.5728668802236665,71.74056167447837,74.88629543492571,10
5,"[1, 2, 3, 7, 8, 13, 15]",168.20070747596804,1.5728668802236665,166.62784059574437,169.77357435619172,10
5,"[1, 3, 6, 7, 9, 10, 14, 15]",180.36242297137426,1.5728668802236665,178.7895560911506,181.93528985159793,10
5,"[9, 2, 14, 15]",56.77611245094721,1.5728668802236665,55.203245570723546,58.348979331170874,10
5,"[2, 3, 7, 8, 10, 13, 14, 15]",209.3232363740047,1.5728668802236665,207.75036949378102,210.89610325422836,10
5,"[1, 3, 6, 10, 14]",58.24405227983552,1.5728668802236665,56.67118539961186,59.816919160059186,10
5,"[8, 3, 6, 14]",58.516175429476924,1.5728668802236665,56.94330854925326,60.08904230970059,10
5,"[2, 3, 6, 9, 14]",71.87367300288923,1.5728668802236665,70.30080612266556,73.4465398831129,10
5,"[2, 6, 7, 8, 14, 15]",130.7149652017422,1.5728668802236665,129.14209832151852,132.28783208196586,10
5,"[2, 3, 6, 7, 8, 9, 13, 14, 15]",255.00278047774628,1.5728668802236665,253.4299135975226,256.57564735796996,10
5,"[8, 1, 2, 13]",50.83652110059654,1.5728668802236665,49.26365422037288,52.409387980820206,10
5,"[2, 10, 13, 14, 15]",58.23887319275963,1.5728668802236665,56.66600631253596,59.81174007298329,10
5,"[8, 2, 6, 7]",61.13534159665352,1.5728668802236665,59.562474716429854,62.70820847687718,10
5,"[1, 6, 7]",29.609273841734325,1.5728668802236665,28.036406961510657,31.182140721957992,10
5,"[1, 2, 3, 6, 7, 8, 10, 13, 15]",200.49742434741594,1.5728668802236665,198.92455746719227,202.07029122763961,10
5,"[1, 2, 10, 15]",38.869718500696735,1.5728668802236665,37.29685162047307,40.4425853809204,10
5,"[8, 10, 14]",46.908171964350366,1.5728668802236665,45.3353050841267,48.48103884457403,10
5,"[1, 8, 9, 10, 15]",113.70328201010796,1.5728668802236665,112.13041512988428,115.27614889033163,10
5,"[2, 8, 9, 10, 13, 15]",142.50996673711126,1.5728668802236665,140.93709985688758,144.08283361733493,10
5,"[2, 3, 7, 10, 13]",60.3679538038798,1.5728668802236665,58.795086923656136,61.940820684103464,10
5,"[1, 3, 7, 8, 9, 10, 13]",231.56187044308945,1.5728668802236665,229.98900356286578,233.13473732331312,10
5,"[1, 6, 7, 9, 13, 15]",85.04967517941857,1.5728668802236665,83.4768082991949,86.62254205964224,10
5,"[9, 2, 3, 7]",65.42904917484054,1.5728668802236665,63.85618229461688,67.00191605506421,10
5,"[6, 14]",15.294715257230544,1.5728668802236665,13.721848377006879,16.86758213745421,10
5,"[1, 3, 8, 9, 13, 14]",165.61475285769825,1.5728668802236665,164.04188597747458,167.18761973792192,10
5,"[2, 8, 9, 14, 15]",126.59919363495983,1.5728668802236665,125.02632675473616,128.1720605151835,10
5,"[1, 2, 3, 6, 13, 14]",70.08534448898618,1.5728668802236665,68.51247760876251,71.65821136920985,10
5,"[1, 10, 9, 7]",55.252625671760065,1.5728668802236665,53.6797587915364,56.82549255198373,10
5,"[1, 2, 7, 8, 10]",81.9099732740127,1.5728668802236665,80.33710639378903,83.48284015423637,10
5,"[3, 9, 10, 13, 15]",115.81624881344267,1.5728668802236665,114.243381933219,117.38911569366634,10
5,"[1, 2, 13, 6]",27.046061815461076,1.5728668802236665,25.47319493523741,28.618928695684744,10
5,"[1, 6, 8, 9, 13]",63.75926826325308,1.5728668802236665,62.18640138302941,65.33213514347675,10
5,"[2, 3, 6, 8, 9, 15]",151.0726730876523,1.5728668802236665,149.49980620742863,152.64553996787598,10
5,"[2, 3, 7, 9, 10, 13, 15]",155.9194782532898,1.5728668802236665,154.34661137306614,157.49234513351348,10
5,"[3, 7, 9, 13, 15]",86.25557701998437,1.5728668802236665,84.6827101397607,87.82844390020804,10
5,"[1, 2, 7, 9, 10, 15]",85.90994672976343,1.5728668802236665,84.33707984953976,87.4828136099871,10
5,"[3, 7, 9, 10, 13]",90.70546377174198,1.5728668802236665,89.1325968915183,92.27833065196565,10
5,"[1, 3, 13, 14, 15]",70.05459918349649,1.5728668802236665,68.48173230327282,71.62746606372016,10
5,"[2, 7, 8, 9, 14]",122.43047062432629,1.5728668802236665,120.85760374410262,124.00333750454996,10
5,"[1, 2, 3, 6, 7, 10, 13, 15]",149.57693849831372,1.5728668802236665,148.00407161809005,151.1498053785374,10
5,"[8, 14]",32.7394824069544,1.5728668802236665,31.166615526730734,34.312349287178066,10
5,"[1, 2, 7, 8, 10, 15]",93.25623971576495,1.5728668802236665,91.68337283554128,94.82910659598862,10
5,"[1, 2, 3, 7, 8, 9, 10, 13, 15]",273.2744159201976,1.5728668802236665,271.70154903997394,274.8472828004213,10
5,"[2, 3, 10, 13, 15]",60.593071816458156,1.5728668802236665,59.02020493623449,62.16593869668182,10
5,"[2, 7, 8, 9, 10, 13]",163.3280876243064,1.5728668802236665,161.75522074408272,164.90095450453006,10
5,"[2, 7, 9, 10, 13, 14]",76.96423594785401,1.5728668802236665,75.39136906763034,78.53710282807768,10
5,"[1, 2, 6, 8, 9, 10]",133.2535858066688,1.5728668802236665,131.68071892644514,134.82645268689248,10
5,"[1, 6, 15]",24.581647907284648,1.5728668802236665,23.00878102706098,26.154514787508315,10
5,"[8, 10, 3]",53.885020892323176,1.5728668802236665,52.31215401209951,55.45788777254684,10
5,"[6, 8, 9, 14, 15]",103.66588094217431,1.5728668802236665,102.09301406195064,105.23874782239798,10
5,"[2, 15, 6, 14]",31.90491133801831,1.5728668802236665,30.33204445779464,33.47777821824197,10
5,"[7, 8, 10, 14, 15]",98.02429320826147,1.5728668802236665,96.4514263280378,99.59716008848514,10
5,"[1, 6, 8, 13, 14]",64.88259880939704,1.5728668802236665,63.309731929173374,66.45546568962071,10
5,[8],19.20384113278238,1.5728668802236665,17.630974252558712,20.776708013006047,10
5,"[9, 2, 14, 7]",41.54483024661081,1.5728668802236665,39.97196336638714,43.11769712683447,10
5,"[8, 1]",27.82578036680034,1.5728668802236665,26.252913486576674,29.39864724702401,10
5,"[1, 10, 3, 6]",47.760718197535915,1.5728668802236665,46.18785131731225,49.33358507775958,10
5,"[6, 8, 9, 10, 13, 15]",118.01201356809665,1.5728668802236665,116.43914668787298,119.58488044832032,10
5,"[1, 6, 7, 9, 10, 13, 14, 15]",203.98195695911394,1.5728668802236665,202.40909007889027,205.55482383933762,10
5,"[1, 2, 3]",43.39517580841966,1.5728668802236665,41.822308928195994,44.96804268864332,10
5,"[1, 3]",29.2974710833174,1.5728668802236665,27.724604203093733,30.87033796354107,10
5,"[2, 6, 8, 9, 10, 14]",136.83259573048707,1.5728668802236665,135.2597288502634,138.40546261071074,10
5,"[1, 2, 8, 9, 10, 14]",166.69683458742048,1.5728668802236665,165.1239677071968,168.26970146764415,10
5,"[2, 3, 7, 8, 9, 13, 14]",211.86790807692418,1.5728668802236665,210.2950411967005,213.44077495714785,10
5,"[1, 2, 7, 10, 14]",52.98244419407983,1.5728668802236665,51.40957731385617,54.555311074303496,10
5,"[2, 3, 6, 7, 9, 14]",82.25815916389959,1.5728668802236665,80.68529228367592,83.83102604412326,10
5,"[2, 3, 6, 7, 8, 13, 14]",179.59477530430175,1.5728668802236665,178.02190842407808,181.16764218452542,10
5,"[3, 6, 7, 9, 13, 15]",96.43858003423307,1.5728668802236665,94.8657131540094,98.01144691445674,10
5,"[1, 2, 6, 7, 8, 14, 15]",157.0552581190861,1.5728668802236665,155.48239123886242,158.62812499930976,10
5,"[13, 7]",20.159158314545348,1.5728668802236665,18.58629143432168,21.732025194769015,10
5,"[1, 2, 6, 7, 8, 10, 13, 15]",146.49525042765737,1.5728668802236665,144.9223835474337,148.06811730788104,10
5,"[1, 2, 6, 7, 8, 10, 14]",139.35722080598364,1.5728668802236665,137.78435392575997,140.93008768620732,10
5,"[1, 2, 7, 8, 9, 10, 13, 14, 15]",249.2468385723239,1.5728668802236665,247.67397169210022,250.81970545254757,10
5,"[8, 1, 10, 14]",55.81654623124867,1.5728668802236665,54.24367935102501,57.38941311147234,10
5,"[1, 2, 9, 10, 14]",59.5912662175867,1.5728668802236665,58.018399337363036,61.164133097810364,10
5,"[9, 10, 13, 15]",66.52974166845269,1.5728668802236665,64.95687478822902,68.10260854867636,10
5,"[2, 8, 10, 13, 15]",59.15650886424669,1.5728668802236665,57.583641984023025,60.72937574447035,10
5,"[1, 2, 13, 14]",35.07640516594186,1.5728668802236665,33.50353828571819,36.64927204616552,10
5,"[1, 8, 9, 13, 14]",104.05314098709466,1.5728668802236665,102.480274106871,105.62600786731834,10
5,"[8, 14, 15]",54.727431007025515,1.5728668802236665,53.15456412680185,56.30029788724918,10
5,"[1, 6, 7, 10, 15]",55.23852009507772,1.5728668802236665,53.66565321485405,56.81138697530138,10
5,"[8, 9, 2, 13]",63.40709272138501,1.5728668802236665,61.83422584116135,64.97995960160868,10
5,"[1, 3, 7, 9, 10, 13, 15]",142.953953289306,1.5728668802236665,141.38108640908234,144.52682016952969,10
5,"[2, 6, 7, 8, 10, 13]",105.30670208115748,1.5728668802236665,103.73383520093381,106.87956896138115,10
5,"[1, 3, 6, 8, 9, 15]",128.97935436533274,1.5728668802236665,127.40648748510907,130.5522212455564,10
5,"[2, 3, 10, 13, 14, 15]",81.27108287269425,1.5728668802236665,79.69821599247058,82.84394975291792,10
5,"[1, 2, 3, 6, 7, 9, 14, 15]",206.8268144562061,1.5728668802236665,205.25394757598244,208.39968133642978,10
5,"[1, 3, 7, 8, 10, 13, 15]",122.71533737486702,1.5728668802236665,121.14247049464335,124.28820425509069,10
5,"[1, 2, 3, 6, 7, 9, 13]",172.78207987486218,1.5728668802236665,171.2092129946385,174.35494675508585,10
5,"[1, 3, 13, 9]",60.613554970271665,1.5728668802236665,59.040688090048,62.18642185049533,10
5,"[1, 2, 3, 8, 13]",96.36245920423843,1.5728668802236665,94.78959232401476,97.9353260844621,10
5,"[8, 9, 7]",61.84856929694988,1.5728668802236665,60.27570241672622,63.42143617717355,10
5,"[1, 2, 3, 6, 8, 10]",105.7004940896264,1.5728668802236665,104.12762720940273,107.27336096985007,10
5,"[3, 7, 8, 9, 13, 14, 15]",229.42747350072463,1.5728668802236665,227.85460662050096,231.0003403809483,10
5,"[2, 6, 7]",18.650191248715295,1.5728668802236665,17.077324368491627,20.223058128938963,10
5,"[3, 6, 7, 8, 9, 10, 13, 15]",252.81650458639942,1.5728668802236665,251.24363770617575,254.3893714666231,10
5,"[1, 2, 3, 10, 13, 15]",77.61891655611792,1.5728668802236665,76.04604967589425,79.1917834363416,10
5,"[3, 6, 7, 8, 9, 10, 14]",225.99469997584447,1.5728668802236665,224.4218330956208,227.56756685606814,10
5,"[2, 6, 8, 9, 10]",96.48719936187138,1.5728668802236665,94.9143324816477,98.06006624209505,10
5,"[2, 6, 8, 9, 10, 13, 14, 15]",205.6532298818855,1.5728668802236665,204.08036300166182,207.22609676210917,10
5,"[2, 3, 8, 9, 13, 14]",181.73118371971225,1.5728668802236665,180.15831683948858,183.30405059993592,10
5,"[1, 2, 7, 9, 10, 13, 14, 15]",201.74166816533338,1.5728668802236665,200.1688012851097,203.31453504555705,10
5,"[1, 6, 8, 9, 10, 14]",117.25069269104901,1.5728668802236665,115.67782581082534,118.82355957127268,10
5,"[3, 6, 7, 9, 13, 14, 15]",195.00406308539362,1.5728668802236665,193.43119620516995,196.5769299656173,10
5,"[9, 2, 6, 15]",40.314397179135156,1.5728668802236665,38.74153029891149,41.88726405935882,10
5,"[1, 2, 8, 9, 14, 15]",159.94218069423286,1.5728668802236665,158.3693138140092,161.51504757445653,10
5,"[2, 6, 7, 14, 15]",42.59974088046281,1.5728668802236665,41.02687400023915,44.172607760686475,10
5,"[1, 3, 6, 7, 13, 14]",104.96825145771845,1.5728668802236665,103.39538457749478,106.54111833794212,10
5,"[2, 3, 6, 13, 14]",52.80047686028047,1.5728668802236665,51.227609980056805,54.37334374050413,10
5,"[2, 3, 6, 7, 13]",56.64315419189235,1.5728668802236665,55.070287311668686,58.216021072116014,10
5,"[1, 3, 7, 9, 10, 13]",105.7320235958709,1.5728668802236665,104.15915671564723,107.30489047609457,10
5,"[2, 13, 6]",16.556143553729534,1.5728668802236665,14.983276673505868,18.1290104339532,10
5,"[1, 10, 9]",44.13586527353016,1.5728668802236665,42.56299839330649,45.70873215375382,10
5,"[8, 1, 9]",50.26313959357732,1.5728668802236665,48.69027271335366,51.836006473800985,10
5,"[1, 3, 7, 9, 14]",73.26383086162129,1.5728668802236665,71.69096398139762,74.83669774184496,10
5,"[6, 7, 8, 13, 14, 15]",142.31121424063775,1.5728668802236665,140.73834736041408,143.88408112086142,10
5,"[6, 7, 9, 13, 14]",73.81206101727804,1.5728668802236665,72.23919413705437,75.38492789750171,10
5,"[2, 3, 7, 8, 9, 14]",182.1795302629439,1.5728668802236665,180.60666338272023,183.75239714316757,10
5,"[1, 2, 3, 7, 8, 9, 13, 15]",238.0367050156236,1.5728668802236665,236.46383813539993,239.60957189584727,10
5,"[8, 1, 2, 14]",70.53006267699038,1.5728668802236665,68.95719579676671,72.10292955721405,10
5,"[1, 2, 8, 9, 13]",92.04133438673796,1.5728668802236665,90.46846750651429,93.61420126696163,10
5,"[10, 14, 6, 7]",39.899719525848056,1.5728668802236665,38.32685264562439,41.47258640607172,10
5,"[2, 6, 7, 8, 9]",109.83403323340781,1.5728668802236665,108.26116635318414,111.40690011363148,10
5,"[1, 10, 13, 15]",42.900945523479365,1.5728668802236665,41.3280786432557,44.47381240370303,10
5,"[8, 10, 3, 15]",64.72335584833044,1.5728668802236665,63.15048896810678,66.29622272855411,10
5,"[2, 3, 9, 10, 15]",135.93917612468158,1.5728668802236665,134.3663092444579,137.51204300490525,10
5,"[9, 3, 15]",66.60466656030788,1.5728668802236665,65.0317996800842,68.17753344053155,10
5,"[3, 7, 8, 10, 13, 15]",95.49005222617691,1.5728668802236665,93.91718534595324,97.06291910640059,10
5,"[1, 13, 15]",28.98617239114622,1.5728668802236665,27.41330551092255,30.559039271369887,10
5,"[1, 3, 6, 7, 14, 15]",74.63877873118403,1.5728668802236665,73.06591185096036,76.2116456114077,10
5,"[9, 10, 6, 14]",50.67400948322394,1.5728668802236665,49.10114260300028,52.246876363447605,10
5,"[8, 9, 3, 6]",81.90101612723291,1.5728668802236665,80.32814924700924,83.47388300745658,10
5,"[2, 6, 8, 10, 14]",62.974464762564324,1.5728668802236665,61.40159788234066,64.547331642788,10
5,"[2, 13, 14, 7]",41.68315386310857,1.5728668802236665,40.11028698288491,43.256020743332236,10
5,"[7, 8, 9, 13, 14]",133.05928092340457,1.5728668802236665,131.4864140431809,134.63214780362824,10
5,"[3, 6, 7, 8, 10]",78.43393362984133,1.5728668802236665,76.86106674961766,80.006800510065,10
5,"[8, 3, 15, 7]",63.254194279128,1.5728668802236665,61.68132739890434,64.82706115935167,10
5,"[2, 3, 7, 9, 15]",98.63568087681719,1.5728668802236665,97.06281399659352,100.20854775704086,10
5,"[1, 2, 3, 7, 10, 13, 14]",152.01395465214372,1.5728668802236665,150.44108777192005,153.5868215323674,10
5,"[9, 6, 14]",33.23505432753559,1.5728668802236665,31.662187447311926,34.80792120775926,10
5,"[2, 13]",12.631959250638838,1.5728668802236665,11.059092370415172,14.204826130862504,10
5,"[8, 15, 7]",42.76403047374815,1.5728668802236665,41.191163593524486,44.336897353971814,10
5,"[2, 7, 8, 9, 13, 14]",155.9372484511027,1.5728668802236665,154.36438157087903,157.51011533132638,10
5,"[2, 3, 6, 7, 8, 9, 13, 14]",226.42565789318883,1.5728668802236665,224.85279101296516,227.9985247734125,10
5,"[2, 3, 6, 7, 9, 10, 13, 14]",149.93973836473697,1.5728668802236665,148.3668714845133,151.51260524496064,10
5,"[1, 2, 6, 9, 10, 13]",62.689415748460306,1.5728668802236665,61.11654886823664,64.26228262868398,10
5,"[10, 13, 6, 14]",39.91256082923644,1.5728668802236665,38.339693949012776,41.485427709460104,10
5,"[1, 2, 6, 8, 10, 13, 14, 15]",157.81827339519617,1.5728668802236665,156.2454065149725,159.39114027541984,10
5,"[1, 2, 7, 10, 13, 15]",75.9886615894501,1.5728668802236665,74.41579470922643,77.56152846967377,10
5,"[13, 14]",21.650864534480597,1.5728668802236665,20.07799765425693,23.223731414704265,10
5,"[2, 7, 8, 10, 13, 14, 15]",154.43446255779585,1.5728668802236665,152.86159567757218,156.00732943801953,10
5,"[3, 6, 9, 13, 14, 15]",144.6179915092742,1.5728668802236665,143.04512462905052,146.19085838949786,10
5,"[8, 1, 6, 14]",46.63150737429241,1.5728668802236665,45.05864049406875,48.204374254516075,10
5,"[2, 3, 6]",30.752635255918978,1.5728668802236665,29.17976837569531,32.325502136142646,10
5,"[1, 2, 6, 9, 14]",47.105892952681344,1.5728668802236665,45.53302607245768,48.67875983290501,10
5,"[1, 6, 7, 9, 10, 14, 15]",120.25670794943849,1.5728668802236665,118.68384106921482,121.82957482966216,10
5,"[8, 9, 3]",77.37092509637189,1.5728668802236665,75.79805821614822,78.94379197659556,10
5,"[1, 3, 6, 7, 9]",72.99743711376026,1.5728668802236665,71.42457023353658,74.57030399398393,10
5,"[1, 2, 3, 6, 8, 9, 10, 14]",227.35423324291355,1.5728668802236665,225.78136636268988,228.92710012313722,10
5,"[2, 6, 7, 8, 9, 10]",153.92667198417226,1.5728668802236665,152.3538051039486,155.49953886439593,10
5,"[1, 2, 3, 6, 8, 9, 13]",155.07434152016407,1.5728668802236665,153.5014746399404,156.64720840038774,10
5,"[1, 3, 6, 8, 9, 10, 13, 15]",190.1661342319989,1.5728668802236665,188.59326735177524,191.73900111222258,10
5,"[2, 3, 6, 7, 8, 10, 13]",161.6797906681103,1.5728668802236665,160.10692378788661,163.25265754833396,10
5,"[1, 6, 7, 8, 13, 14, 15]",170.08179796640624,1.5728668802236665,168.50893108618257,171.6546648466299,10
5,"[1, 3, 7, 8, 13, 14]",135.19130695061767,1.5728668802236665,133.618440070394,136.76417383084134,10
5,"[2, 10, 6, 7]",32.87253427799734,1.5728668802236665,31.29966739777367,34.445401158221,10
5,"[6, 7, 8, 9, 10]",131.05518222565686,1.5728668802236665,129.4823153454332,132.62804910588054,10
5,"[10, 13, 14]",35.49372016261971,1.5728668802236665,33.920853282396045,37.06658704284337,10
5,"[1, 2, 3, 7, 8, 9, 10, 13]",244.57087089823068,1.5728668802236665,242.998004018007,246.14373777845435,10
5,"[1, 2, 8, 10, 14, 15]",121.06314090862074,1.5728668802236665,119.49027402839707,122.63600778884441,10
5,"[1, 2, 3, 6, 8, 10, 14]",145.03982136771643,1.5728668802236665,143.46695448749276,146.6126882479401,10
5,"[2, 6, 7, 10, 13, 15]",58.57833869289938,1.5728668802236665,57.005471812675715,60.15120557312304,10
5,"[1, 2, 3, 8, 9, 10, 13, 14, 15]",276.97323366428225,1.5728668802236665,275.4003667840586,278.5461005445059,10
5,"[1, 2, 3, 6, 10, 13, 14, 15]",103.40644983091731,1.5728668802236665,101.83358295069364,104.97931671114098,10
5,"[1, 6, 7, 14, 15]",54.20021302352485,1.5728668802236665,52.62734614330119,55.77307990374852,10
5,"[3, 6, 8, 9, 13, 14]",161.19663782109654,1.5728668802236665,159.62377094087287,162.76950470132022,10
5,"[1, 2, 3, 9]",85.35752488861093,1.5728668802236665,83.78465800838725,86.9303917688346,10
5,"[1, 3, 6, 9, 13]",65.18216221056798,1.5728668802236665,63.60929533034432,66.75502909079165,10
5,"[10, 13, 6]",27.155044187292066,1.5728668802236665,25.5821773070684,28.727911067515734,10
5,"[1, 2, 3, 7, 9, 13]",154.69524492958644,1.5728668802236665,153.12237804936277,156.2681118098101,10
5,"[2, 3, 7, 8, 9, 14, 15]",217.12391296013146,1.5728668802236665,215.5510460799078,218.69677984035513,10
5,"[2, 3, 9, 10, 13, 14, 15]",204.1149868188913,1.5728668802236665,202.54211993866764,205.68785369911498,10
5,"[1, 2, 7, 9, 14, 15]",81.64476755051196,1.5728668802236665,80.07190067028829,83.21763443073563,10
5,"[2, 3, 6, 7, 10, 13, 14]",96.12511054711766,1.5728668802236665,94.55224366689399,97.69797742734133,10
5,"[1, 3, 6, 9, 10, 13, 14, 15]",200.2308664632233,1.5728668802236665,198.65799958299962,201.80373334344696,10
5,"[7, 8, 13, 14, 15]",119.34229835846561,1.5728668802236665,117.76943147824194,120.91516523868928,10
5,"[9, 2, 3, 14]",66.92472503539173,1.5728668802236665,65.35185815516806,68.4975919156154,10
5,"[1, 6, 8, 14, 15]",67.80887802701899,1.5728668802236665,66.23601114679532,69.38174490724266,10
5,"[1, 3, 6, 7, 9, 14]",83.40636656074682,1.5728668802236665,81.83349968052315,84.97923344097049,10
5,"[2, 3, 6, 7, 10, 14]",66.45297159751041,1.5728668802236665,64.88010471728674,68.02583847773408,10
5,"[10, 14]",24.61625687709517,1.5728668802236665,23.043389996871504,26.18912375731884,10
5,"[8, 10, 7]",45.565334178551566,1.5728668802236665,43.9924672983279,47.13820105877523,10
5,"[2, 3, 6, 7, 8, 9, 10, 15]",240.10599433370157,1.5728668802236665,238.5331274534779,241.67886121392525,10
